94179
35307
173272
128658
37314
68571
23581
15226
1700
155417
122470
141066
91904
86332
167935
46939
72551
92601
18143
3609
10729
55686
92084
52761
59169
82294
105953
136243
75594
54480
75900
183982
11446
49738
122383
70811
2705
13881
86668
88485
63823
12800
94505
55940
169268
20161
103360
87287
55084
157408
45640
64718
80797
155337
54759
56799
130214
26010
129623
25601
34873
30995
84611
9046
53307
12316
21301
70122
8254
51963
62442
62461
102476
87080
39402
81071
127775
109260
155085
115593
2060
4343
182388
150939
11841
21407
52879
142766
38339
144684
121440
45856
51600
61160
43108
55187
14546
45324
76413
47306
8603
59551
23490
27853
26072
81271
27266
49001
69305
40190
126652
102645
6340
111957
47620
27523
7612
13273
76513
93586
2875
144527
6440
107702
13440
5842
15452
9887
45091
139914
5019
181697
32524
92613
90178
12849
63676
113810
120565
97293
96381
51882
135681
48619
31640
24093
2595
3911
141387
11288
66660
113217
51802
17863
101055
151227
10660
54441
31146
42848
24669
148853
68636
128446
90675
38216
143685
128575
154062
76054
16321
32844
55072
18786
63880
48979
42114
1629
112281
101003
111222
87270
53384
446
1321
25201
71113
163869
45262
5783
111669
18061
8083
40340
46827
36490
17875
71056
17230
75544
17879
61732
107203
141495
137065
65882
146997
32445
41637
81998
93616
105154
37798
83364
75529
13254
5611
71573
100273
1104
58132
107966
95038
17122
28030
48427
60970
5935
54952
159178
5542
146426
156506
112953
156818
868
72678
90830
125392
171939
25836
159372
64089
31474
109331
44065
89732
32218
50052
37520
67505
66414
41544
125352
164714
38217
32748
91798
95907
13938
20552
27040
76911
57239
72252
18087
47030
121934
28355
19078
7755
39108
102948
112757
55257
10979
101577
54206
24519
76903
99625
31345
10372
10771
95964
69154
98263
127782
182554
69328
139712
34837
2496
100763
32352
8476
59794
42813
113096
160146
46532
45993
167389
14433
29307
84757
69696
156152
13762
113219
68352
19336
22969
47601
165067
76971
73542
25334
7693
40696
32909
126409
10404
148583
4049
19283
87300
75204
67667
53656
95309
110147
34567
28948
43826
82154
55698
76813
98682
137006
84511
69830
35473
110166
40530
24738
53284
84415
75041
81076
64248
119362
78825
30236
28169
17661
104357
49710
72484
68361
133248
74470
79467
72161
140127
112972
104885
104374
1187
132122
47217
29343
76976
10845
100522
154138
22908
134832
68004
29318
22009
4324
104563
81518
48454
52136
10623
15959
152826
166455
82763
53164
11060
64917
59738
86609
92737
141459
155755
85095
18206
3427
47127
47054
60569
61731
169236
45358
33198
49747
53043
43042
49145
57141
16782
10114
113840
104526
21426
102259
25463
54440
80286
10224
21097
91691
18428
5805
21794
172837
98495
96470
68468
32043
180049
39888
13455
105791
121944
83223
58956
111822
152070
1461
18424
86772
16192
31263
68858
39194
52411
35745
129783
127973
57509
77439
22660
56205
85685
111829
110289
149734
11767
93844
47778
30137
35609
4843
135891
3548
109690
56185
43459
147222
67543
129888
111359
88365
47857
19953
52043
17971
56878
16946
46001
31280
7356
136092
51219
51483
65320
72758
75634
5833
121281
58184
111498
65587
77096
126531
21478
5525
96656
87028
4991
156107
113115
152894
37098
146626
119264
141133
72986
183262
152125
23963
17484
94412
32973
33147
26031
40754
1470
94974
19022
64694
54133
45902
8698
49331
87632
98796
119248
98140
94521
17959
30860
34603
123486
155133
130477
2574
47766
64080
58942
13348
105302
16035
32563
68051
37035
83191
71114
193099
2151
127788
29780
46238
49978
136693
89625
37965
104852
24763
136557
147934
70375
72225
3389
121609
54708
45109
84006
41005
1558
22358
63254
95519
62683
53918
37286
124081
161522
17318
83879
72091
85985
7560
82450
35871
19781
88078
28004
25962
72616
2555
12740
92620
76274
34603
61803
100155
50317
14309
5087
38798
141830
7844
24076
6432
173828
92003
113955
3163
106107
165923
8606
47028
21064
32488
116475
93690
4685
106539
8134
106650
118815
115138
69707
58991
46892
44247
67997
21410
124920
36323
14988
98248
64840
78202
15675
6906
101641
23857
91140
69955
134373
47494
113829
37570
62619
2485
69503
24290
40629
24302
112487
58418
89774
9698
20754
60267
68336
19613
12617
64391
2989
10599
101652
110836
70577
63123
37672
172218
82662
125447
29901
155781
172080
9119
23479
50249
82438
11183
34584
23079
91919
75944
23341
107910
4434
82456
3267
64572
127666
57292
14006
77681
79089
22832
137162
94214
151288
96453
115654
33844
177795
112902
84612
107382
47704
104608
103316
101157
53271
142851
90899
2378
10342
2699
13827
122427
106713
54140
23816
67453
29705
13129
9479
85428
17200
24838
88791
14477
19798
71321
115804
85666
113448
2664
8341
88267
141460
53321
99585
74686
15951
8420
165875
94587
64675
19188
104963
23480
1124
58216
69806
15292
63126
103145
3591
13335
10956
44222
49012
83579
15030
50926
11096
5374
170976
79579
28029
92349
50262
35290
85174
120306
17037
155666
104362
47280
76844
67653
24758
84202
157065
122804
100368
23269
20374
10457
145791
95191
115821
17510
80155
25613
41860
54457
45164
16123
57753
44094
137177
7446
29470
3473
26828
63451
3449
17103
38429
46554
55472
9330
60476
27273
29795
18986
33377
38301
11501
37661
150359
70715
62498
29530
92705
140259
64619
68694
21219
49504
79430
49777
147319
74882
136850
18773
25852
59162
101596
58709
138595
69355
14952
23315
24307
52384
28668
47689
8993
117973
144899
72736
34857
66655
26461
148341
40477
173593
73207
74453
141211
29051
61553
161767
4947
39314
40359
34592
103674
37867
19418
6766
30736
39626
142502
71122
175429
3268
65757
150027
112439
54222
17177
30805
65648
15840
76119
26210
9782
24791
123792
20232
24866
71239
15479
12336
82270
20158
46519
3831
165
102734
3890
55186
35089
182813
78785
15532
25595
120671
3783
16912
36177
31528
21198
15069
5014
10520
26736
108519
10350
137883
154612
8782
157786
9911
18406
113606
143671
91397
125774
29494
7066
58690
49679
10616
78101
26827
59248
27707
143774
152940
18338
68974
130124
40154
109852
8312
45926
65396
52521
16347
109856
93755
59032
53407
47815
19316
28411
88222
33442
1556
131897
49130
110124
77929
53797
102974
45675
22755
166898
129673
43316
70144
20901
16872
83917
99745
82261
139376
101765
3114
62393
153664
125866
64608
9653
166085
26447
88793
71533
36525
41950
53235
76905
122235
72338
1741
10469
109594
9979
177249
13240
81708
49836
5999
38948
90477
29117
9399
28738
77249
38895
41000
141937
5420
109866
29153
152853
88754
439
41652
60575
52891
111355
12206
85145
87678
29845
105601
22665
164264
3249
27241
85364
124184
86461
52937
67741
31329
76780
116930
40922
135179
27752
93782
87025
1936
38925
109491
20284
91758
42393
6141
81093
50440
40347
34432
50159
38228
91751
17700
55875
13502
55883
63515
43417
97266
51399
109853
7767
160945
4973
72184
27194
85100
8945
22882
124069
159378
153460
98977
44972
165290
124073
113630
61749
47097
97
65627
48049
67014
132822
12675
132928
73334
109121
61514
3957
27545
36460
103899
119286
88414
120195
60846
84649
85727
44218
60985
68725
144096
83218
26926
46223
10381
123558
93257
148694
79204
93544
16820
147405
114584
32344
22109
101387
910
85319
35489
42995
108733
75336
64224
118801
52942
94770
148609
3435
112608
104637
28005
27247
5755
6260
116557
75744
173611
165130
32660
123106
35291
44687
38160
48054
39656
5275
115708
48733
105430
2547
23424
3384
49619
38212
104345
84815
136608
61199
91619
43431
1734
36436
28884
18732
24216
65293
123045
41495
28008
58091
68402
81362
46514
5827
7334
6193
125924
33300
54033
18207
136962
21218
120410
22385
33610
122084
43487
223
11369
20233
64175
5184
125423
151669
68130
97757
96731
65924
86019
167450
107087
1634
7135
32862
2289
88720
15877
3905
62698
106570
103513
23253
7969
106796
228
53953
66300
12089
73157
174092
55204
37094
100794
41399
108134
27663
144825
73410
74366
69124
52640
41790
63726
86233
146637
3727
3674
6944
143522
67828
17662
82306
112426
43520
98741
6277
45679
42635
48216
95944
62828
57649
104055
110881
33306
138263
5244
70411
84431
35924
10300
42214
22551
87876
51328
38630
43346
147067
85408
21087
14958
45324
61713
108069
52998
117966
4534
49142
13627
39288
51379
19904
47334
53557
27708
9390
23376
89892
33606
87166
52869
103387
75449
72583
2040
124079
100282
145956
134342
15274
88085
110267
32499
4286
95687
90746
36447
66421
124525
44653
79151
7819
167292
64543
108844
88546
107372
137008
43628
17739
69772
59536
44292
34794
33673
88535
11181
10256
61960
5793
158829
19589
120849
49285
42072
144103
35528
9981
79038
22559
105949
28838
44090
1984
134254
35854
69984
82182
6508
21622
4055
74450
4383
131647
103767
100073
6707
69418
22413
164683
113516
56470
67542
38767
102790
155563
29975
43202
166427
87885
47960
59973
160461
52758
53615
34704
66898
96554
72429
13141
36172
33982
65980
164376
168445
52632
21713
16966
17406
17456
137131
62294
24477
17576
18373
47835
94058
143774
4249
25876
74247
43419
146855
15343
55244
20026
50300
30630
54204
30178
54469
42632
3016
9328
98060
7520
30132
47145
81968
55901
35570
96586
100651
8561
85185
33048
103240
115208
79071
175743
13661
153190
94516
8304
128041
34472
94171
89504
90741
116224
38928
10765
65569
94082
17350
62469
6064
54297
155272
7236
9392
116937
41852
109430
45052
107529
18185
23326
97074
59671
68775
158791
150704
32347
21992
100063
61186
43582
35890
22020
13661
55884
59974
23039
31338
33033
136036
144124
8019
98954
28645
88036
27359
19447
39409
67560
116069
25137
193741
64240
73335
78599
4954
79355
121932
4150
124
44473
87797
65399
38010
79667
58170
14666
113665
69404
80696
107615
49437
121574
99014
143138
66063
99344
46388
20196
182467
118169
34885
79724
7545
16399
34923
120613
101297
8350
107621
98649
71974
45587
102274
100411
48344
15748
39684
39384
12796
138607
86098
34430
36121
51744
92775
8403
111169
89702
112074
35085
106315
21497
96286
149960
5869
38698
76404
175853
15869
2137
74970
44092
9516
162466
25022
143298
4036
30054
125604
35105
23725
73906
32079
1142
56718
36460
64257
17842
36420
122065
117910
5841
36910
49397
80399
109783
85132
87071
27451
43152
106761
104156
47641
162017
38037
92062
14784
23504
56477
35678
123850
87202
63188
26027
39551
82887
161089
24746
28224
99335
1015
28928
115465
97468
43901
22409
64247
90217
65125
109473
79873
31452
80304
40287
49308
112640
74926
52876
9900
91105
1345
22404
58639
48715
111167
30265
76669
88986
40540
14392
3576
156186
49203
9287
482
34083
99001
44142
64707
89280
84977
87905
42989
11043
25299
10586
108031
79946
106772
189794
27733
147169
60431
121427
150836
9069
6247
84418
93180
68109
33359
150256
72949
660
133688
139281
161833
99976
88392
87230
132678
83536
109289
164143
62298
16164
101667
544
23818
160607
125569
111796
75024
145312
14010
45906
6635
35639
27556
68811
137906
155631
18968
138935
94457
127734
153785
732
90483
83463
48359
44529
152903
135756
21976
92253
25042
76177
703
25157
65616
128536
9880
147541
31474
104687
62164
5378
95481
115734
46899
62807
70646
115578
18594
57795
136298
78728
635
15283
95570
55802
34868
34932
95871
97088
44496
21625
111622
1091
59046
71375
2446
15055
4523
129539
107120
7243
79067
28743
42636
9964
155114
190717
73893
173666
178324
22942
5435
43224
149849
25812
113
16505
61938
73807
48313
56638
145175
154178
121140
91570
20880
40815
161212
90487
85929
12548
67561
21537
38778
38867
108120
42419
19412
119193
106302
44435
49220
6148
108100
91156
32519
177211
5620
3343
95537
116208
35466
90693
33101
33427
2147
28363
158523
37878
44063
12557
93644
91756
127715
90532
136973
15019
33651
60160
125485
40311
121820
53770
1082
46702
17215
74057
111447
39493
45594
140426
16378
152481
17855
19546
105943
22844
146499
20033
71286
72286
19133
35081
6845
140524
53555
93603
33910
45187
85769
99346
98468
45627
76012
73887
15181
124221
13738
136358
72016
70662
189267
8404
166512
9917
119660
19205
82
101907
116817
67530
34141
127998
135776
173725
149709
65072
73965
62913
93385
65483
72745
104264
30137
85108
27862
146989
71531
19126
90657
64555
80489
14653
82700
1046
41937
106028
86079
89472
13493
32705
40075
23715
91973
12263
164270
55676
63051
11855
82638
19902
98456
18154
29513
42714
79946
91959
76818
86839
8067
58623
43417
29508
53496
66681
33965
119630
97593
105672
57725
11022
59347
13150
143322
119394
92570
170601
107308
97442
166863
88269
3412
148950
47929
54246
168084
167809
8727
44830
12236
35695
102971
23561
1314
14368
25151
178222
82351
154009
1452
141143
150043
32692
38224
116150
139893
22609
84768
180650
88043
40660
59148
43786
41473
21905
17295
9209
136943
99876
41903
111435
43399
15525
44539
13337
82664
59799
90696
4147
44823
19905
68143
44666
45492
156022
116657
122258
11446
6717
31597
16433
76546
127678
31183
22150
101462
60450
122073
81346
22308
108366
68556
97690
13412
84991
51312
64218
99472
127994
6653
84343
6706
34539
45466
54794
70302
46611
134379
83455
59939
34241
98978
6386
80780
40681
48304
9626
7177
16238
73616
24958
17088
24421
34277
34685
45863
97789
2945
99654
18448
1503
102834
88563
31790
38641
79637
50108
45456
87473
33535
100768
57199
62111
85253
108538
33855
1289
48486
79599
152155
107954
47806
71127
15988
117722
128267
84419
37060
166304
128086
23770
32244
78318
3191
97681
84780
41457
38657
74755
76779
86425
177860
126503
164053
143131
84253
29776
37863
16627
145032
90028
61393
122912
163303
93882
122385
54455
1870
66897
16981
65477
22846
12516
41191
16552
23389
21131
64523
77667
61940
120868
99396
67460
46714
30755
82655
83599
10396
160541
27978
42969
1230
139791
150430
164767
121159
20601
12555
4180
55494
97491
97651
62
60322
44360
121299
75785
147200
8415
71285
34728
98115
90456
74383
135796
17652
24439
36507
93499
24240
68672
43047
127910
30286
63966
130169
78635
80759
19665
109428
147807
134699
11330
153075
173302
18452
66376
137024
68830
58159
51295
41668
6220
41460
91333
51515
94854
57987
88529
11165
91667
25029
79930
22429
29565
31354
20780
84497
87435
100
67902
62399
52119
55184
175963
12680
122001
82400
78979
124296
97012
43694
6677
194124
3328
81882
120182
103536
9110
166502
72123
124360
71145
23588
73918
120754
152086
59393
34703
14983
111906
9498
4681
40101
32943
37527
87851
66970
161906
18067
104622
46079
22371
6294
101391
17846
52834
5150
24417
70726
156103
30138
123226
40644
92558
115359
74667
32720
9387
60304
142616
39188
33290
26443
27812
24191
152089
35690
109784
29245
16848
17322
11399
95494
118999
5906
16861
144879
53273
17644
24808
29203
177309
101373
69367
79680
35177
32428
35081
20567
144100
92221
100092
31755
131742
59586
93763
100767
47039
16911
76767
63050
38856
157713
16198
169134
75724
16139
73366
93753
2932
16813
180148
11429
78379
6808
29287
73372
76061
108267
177731
139391
123797
28223
95586
36643
66878
65560
40342
55658
79955
85973
125793
100608
57623
54824
2618
153186
10759
30013
156271
88356
39432
158946
430
114617
34520
19955
162359
146381
158101
20097
13508
126920
76704
30816
20720
105625
80314
24461
20739
102243
64938
52294
172617
24288
39172
53433
969
2749
126938
112638
138297
70545
122709
119489
164698
25697
78117
64168
158862
55895
77364
6903
88632
25761
82948
49008
58113
14772
73811
77814
162779
116746
30628
75195
134806
99864
42694
33674
82236
55583
19894
13463
18313
17901
9298
17064
40668
3543
143485
124408
3529
32625
68862
19884
76589
137681
134141
28527
99328
44902
157317
1154
26371
134481
116658
79113
46638
67804
146063
85986
39017
88673
127883
130686
113841
41299
8642
69417
93584
379
26530
28906
102879
1098
57115
15709
30613
3567
117164
19969
123632
14879
10754
50728
69780
138817
95037
17935
28541
79195
33154
36913
60375
40996
16252
163893
52782
68333
185
19846
70532
112062
93563
125377
62159
30310
163599
73433
22920
47217
150299
23469
29634
62833
3300
47897
64381
36882
43564
83868
100361
130087
15953
38658
5613
20754
111745
38010
77160
32538
63712
18577
66437
126658
63799
90513
127370
64275
82989
137283
74920
92654
41629
150107
92838
127328
60379
157228
10321
3973
44020
84858
15757
75587
46285
2422
72582
46665
36612
22440
88059
3931
91440
92608
36246
5886
1620
185220
58034
111146
51152
123598
57115
5504
52590
5124
80549
119307
149709
142956
109125
88837
978
48545
30374
136299
47713
172711
23508
69864
78039
48311
44875
76817
82009
62909
186094
29316
45157
96163
51566
107865
38850
3676
13793
27792
44788
6616
78701
17964
147034
114362
62854
81748
46650
118141
72563
107856
23240
68500
24233
103100
29688
54878
73005
45606
110573
178675
111135
148102
123187
143799
84532
62673
106471
31797
71002
52595
30461
49474
92506
32232
112605
12775
100049
9595
50209
31792
75474
49807
8503
61986
52435
104685
5097
91438
18074
165985
162614
5542
41236
120601
145912
140628
4263
67674
6936
25632
33975
2827
26468
69971
17474
43790
113517
27693
399
5123
154646
54504
6392
182349
147212
76303
88882
95265
126290
76037
82644
148595
23149
97048
87211
48946
68487
101231
73905
73517
44691
54402
155208
6045
27968
19058
112601
40707
90248
3738
29218
163076
1610
75184
123145
63381
25487
114516
97483
87810
90441
83681
57387
48142
59071
43841
97206
8856
29751
62393
94823
95358
157279
119904
159607
28352
126356
135141
151767
9021
16411
63534
34459
91231
12833
19537
98821
20250
34853
43735
47599
84571
21912
83100
46012
13183
12572
73398
71124
105180
86194
97538
15333
42895
92872
129567
111574
422
120084
137425
105823
19938
43411
8154
39107
115649
14295
131249
8004
122552
17961
88765
118376
82264
68421
100289
29067
52168
47886
48161
26607
73767
150649
32956
52435
104423
87755
1651
20458
52765
93386
95191
47028
1654
80064
1951
98763
1264
47960
77895
23038
86432
41444
185630
6425
43323
23131
33985
75162
5148
66486
71348
73404
131671
88589
24525
90312
63425
173776
54221
121464
109894
125494
96121
41200
10078
79331
83317
98977
101643
101546
872
132214
119090
95476
5725
27412
45451
108214
7030
86117
14119
39345
81482
8032
76386
10813
131258
54371
110526
30300
64077
91869
78882
53444
17510
19107
135665
143834
24533
66244
20928
26676
4821
12116
10873
20428
32763
73552
67024
100982
62793
28775
42015
64284
158443
25821
78783
63936
48406
35451
17665
90323
27548
8098
113611
5433
32856
11105
89649
80248
151511
71149
182073
91773
4175
9244
13844
43248
2009
17350
21008
93418
12919
161999
120515
126600
32340
92492
9350
18119
113373
141580
28158
34720
7851
94192
49011
52415
41725
9739
32015
43594
120170
136694
2279
117343
14934
25554
22050
57088
69400
67913
25908
68435
7816
39865
37698
113237
29349
16024
14174
157653
25512
18205
63751
147707
126038
128515
40677
22509
40363
64100
61813
60342
179490
113148
71326
31492
76182
154969
119475
20153
20072
42821
47243
34365
155518
63293
5448
30508
144685
137742
40393
15559
9615
53019
156054
76780
13511
54756
30705
90067
101634
42986
30079
1981
55490
888
79523
48120
95973
46890
54100
17100
2443
9540
42154
95150
119865
22702
107351
154492
10506
20000
82675
17405
21518
78898
21539
5954
113664
27739
87055
55010
91291
49228
80099
152801
78329
19321
53361
95388
22141
37353
13151
183
55115
86219
110328
57025
40773
106151
117148
85220
3773
48575
26429
62977
80807
5476
85596
22537
147409
56915
82651
32097
89988
33737
84546
127676
3912
4693
15849
63744
46025
22819
95849
14512
4611
124054
13150
24661
168589
54054
82154
88643
36436
144847
55982
74418
49287
22827
180347
36619
57032
681
19945
151516
84754
64322
110819
23403
132186
49377
4486
90467
34507
130217
58850
166543
191181
88339
121945
76764
6001
123835
104188
133385
13065
33212
166309
102712
19427
59467
40275
357
61107
97621
50845
7314
81873
5052
135497
78370
59850
85448
42695
104499
76808
18550
17434
89270
32148
41451
43945
47576
8379
115556
72692
2352
46633
132057
32996
121873
25492
151242
21062
44199
115574
106018
45296
74037
13371
27605
56460
5164
25399
91477
52308
34467
32263
113571
81524
53026
27450
110373
144010
16071
145297
49251
32260
84215
17647
50744
13768
34813
29075
63239
7703
24153
5496
49012
5042
2419
42713
23443
93149
51808
68301
96074
122592
122150
134112
113565
7375
65430
147683
123730
30260
47390
70188
9285
107014
115851
66493
83366
18380
57088
8643
65537
93065
73543
91710
77289
59310
19709
137511
33677
4711
111171
37318
12985
30662
23675
39557
162025
115264
43348
13377
36645
65892
59630
38793
111695
35553
51140
54492
21661
716
185585
84477
193571
36250
156469
96892
9086
70164
4396
151390
78275
123018
90247
24801
118036
87671
79604
16715
54140
77179
39798
150462
2546
131458
70482
80218
104627
11548
14220
136759
13148
3337
24087
51887
33235
18328
26360
77688
30988
35522
62395
45700
140410
32725
94828
77054
48508
48786
36821
4402
6092
62999
57365
148363
104196
108692
130458
48597
131285
36033
70659
130042
32408
48803
63974
34517
98032
137987
14803
159771
79974
35039
9259
92277
61860
41472
51475
45917
92509
41627
69113
84756
111591
15956
1902
158919
23875
16163
30670
9916
39081
101348
78965
44955
114198
47278
5306
176031
34967
72281
157865
109621
40185
66447
33955
41475
76719
35404
78633
28053
156382
156172
1520
31026
58690
56170
63563
16838
107523
182507
27804
25937
119623
125660
58175
167226
136049
6594
3271
70410
27785
70396
144581
1641
56148
24508
51943
88778
162799
160825
12727
12404
17369
72560
28999
34794
61731
176973
90527
30557
80656
94389
82668
6909
59363
151007
1635
106863
84602
59290
131849
49070
10380
87174
66183
58166
20810
95808
42130
8143
2981
10567
141867
21418
75455
101096
133694
34060
28155
4105
32805
35882
18854
55964
73572
150492
43074
42233
69892
32498
47148
17072
135136
26118
32548
41070
39344
41081
80142
43472
80613
19902
58487
133410
4965
84097
177290
112301
92041
45985
34854
57081
28588
35296
47111
69804
24378
55838
82895
24014
78340
6675
67251
127074
9305
37763
121579
75543
15485
95138
16019
110680
60602
168293
23427
101947
13659
24436
129529
30007
76077
4476
124226
159991
94328
55567
6726
81364
77497
19157
103335
10910
128601
34050
100734
11277
743
82437
8166
42755
80911
21897
6678
90627
79335
126671
119879
139832
98582
36141
35406
147058
6534
103871
2149
100652
155426
73808
5874
19228
39095
159869
10407
144755
5635
49489
65443
1159
5757
164971
36972
131820
52928
40857
12616
75313
41886
76423
95320
113787
58602
87485
46658
82740
33371
93504
113372
139815
36588
6254
308
162286
43603
49938
113179
26936
11890
136960
121826
99817
53265
117161
53313
100398
19110
65160
17749
84519
63389
77929
69157
181101
46362
20694
51788
42493
19410
45056
120926
86029
792
122953
182744
68249
14183
69631
198032
15891
7199
89326
41893
30952
33650
162067
157165
16858
131780
102046
129744
19879
6576
18192
172205
48203
34375
96765
45068
938
2371
29449
64270
18136
65929
61571
62611
46906
49264
33374
46573
22079
38139
153412
115163
27706
69046
37522
97813
34601
5470
36280
54826
135491
143939
124472
34285
1691
92397
86886
16352
45514
49452
36598
174335
39606
37241
186677
33290
193588
46647
133020
83799
190864
2175
5802
115740
72065
153006
126540
130546
109240
19291
25615
52342
7430
18119
193036
12965
81876
64899
111892
24528
16368
68491
35963
46219
76905
54472
61446
56364
90992
56777
30323
85209
15273
71333
118718
40979
79939
143417
35159
21502
122899
90295
34631
27402
28475
38529
112641
27047
12098
33259
65594
80160
3884
124217
126444
76178
77227
6421
79374
127935
15142
135803
17101
74022
77991
152884
15109
124295
117394
42106
96386
6439
36205
109449
58139
36226
30715
1679
114484
4867
113669
65524
77813
26298
59406
38246
6041
82173
44176
82877
60955
55619
4411
160396
29700
44410
15098
54802
104126
42526
100777
43519
20257
3808
79182
4627
101532
43298
137027
14326
55443
151482
35756
54821
45136
127940
118382
116991
63184
4986
147378
15365
103110
6320
51502
27738
113802
11877
5060
118038
51482
34624
18812
12633
2881
71992
94064
94648
120827
58670
26129
81554
43400
136962
76926
20096
102088
65895
1467
6342
36534
44798
29457
121704
3041
137306
81050
51255
20970
2018
135296
10583
77116
30000
2003
20112
29082
120587
45865
119898
70105
104482
4681
67262
11807
64511
83601
111341
39142
86895
134684
14306
7495
57134
34278
45008
54154
71415
164502
33726
116830
6780
22393
157967
107978
15090
26203
57072
58506
41423
8413
67706
126237
59200
34809
175874
40039
42793
64434
93880
10173
65596
13820
24539
136045
114655
169531
50077
177385
1819
62078
101639
93552
155098
33670
112674
140232
23589
119931
53823
67064
72993
135867
33807
78773
77969
32292
75210
127745
17268
98673
4289
4399
144021
13004
5587
100741
93111
15163
48371
88305
41371
142502
34595
14517
168347
101809
18255
16792
4445
34433
59344
62514
161803
51672
70527
154151
28484
114605
183808
102805
22028
65621
14814
9808
93044
8351
27845
88638
20095
108143
13296
87269
60798
86668
16099
3367
77002
30284
32327
152867
120150
48902
7251
57585
840
3250
32467
88193
88255
93448
5474
57104
178873
83442
82190
37029
63277
80598
78843
99109
32021
47506
42500
45542
32879
137614
44300
132357
6533
116265
24280
109466
4180
151079
40782
6090
83986
22675
10833
160576
67125
42358
99669
74383
19486
164310
77783
106343
71162
93554
59795
45989
156173
50868
4394
90650
19533
70992
168996
11067
34213
8112
108561
98669
71567
65855
30433
2236
39934
66488
70377
44771
122136
105062
57159
146075
18251
76028
57331
1784
19511
57520
156436
46632
32418
39357
149785
105731
93945
91523
122507
144012
27134
110142
22400
14673
112052
89527
119054
112617
47449
32340
61819
40905
121433
24836
48693
16888
80300
532
56989
39476
48618
75454
107379
61813
123524
13228
7712
29844
58755
19453
91141
96222
140110
99698
96843
94445
59378
23876
85173
23532
112641
8116
131592
7944
142091
383
8002
80082
48100
190395
70085
9872
62883
178242
50140
141712
35033
74700
8577
99851
15995
49778
4825
82779
140165
95989
1109
121404
119260
177053
64280
35950
10199
155427
108680
38496
49218
51709
23928
5115
18437
101894
74441
3616
65705
35857
77197
161905
4646
25381
13146
11099
78896
18534
101692
91722
21458
18426
172848
53708
93255
20234
119237
45052
9585
181516
13417
48603
45567
9444
41889
25828
127235
79260
65442
21459
52724
42595
153698
53551
76859
64787
96158
82960
61691
12207
33429
34349
2387
64876
35660
9964
33635
18701
17677
6035
92575
11795
26748
134661
73973
54190
155019
43545
110017
126791
26458
72275
114704
92984
5445
71404
73562
40124
147787
36626
24106
12583
2323
88820
14518
148511
37927
136457
4367
25685
20029
59434
18507
149575
33583
114834
36773
51080
141452
111419
37188
62407
54815
112983
87710
75946
155878
92477
6611
13055
142280
26263
144557
1362
112944
126484
65323
132313
44178
9581
100310
17666
58022
38068
72779
81764
33874
19395
38081
70408
32051
44959
111319
155763
37053
133381
15277
5627
6747
113005
13403
5178
86205
8042
92534
15691
61787
160937
163731
111899
173205
79690
36657
3788
9300
54732
120541
94054
24326
146455
10765
100451
53089
45453
42041
78236
59198
132516
26595
56358
4177
173705
23506
104841
49212
59645
56693
87626
32656
24199
9424
78354
55992
106539
49116
151379
6622
101295
138932
162295
48046
31309
107262
22046
28020
46253
73471
93763
155453
17169
8637
130486
84781
87875
30471
89872
17521
112526
9188
38218
87371
13936
20207
99565
67652
44003
90279
19975
6469
106754
13749
81109
58673
79501
60050
25219
33474
9027
22298
6209
29966
71004
78636
35636
15369
70222
62669
108291
6890
47498
149333
38603
16772
96114
16576
84713
9806
19975
25654
123816
105526
136042
51088
176542
14147
27405
24216
8314
37909
116895
37713
125922
41547
79182
93133
111642
101037
23232
49282
1573
137125
75183
53293
46811
106197
166158
132913
35407
191263
7833
104936
38443
19496
22919
127924
84679
144917
73328
97762
37944
40092
12182
83740
97413
55319
172129
4788
76193
30342
79711
15078
40218
33657
127216
16991
21394
93081
12091
62755
88868
122402
75288
32363
54500
115301
21527
13653
102153
54272
58270
53970
78709
771
80875
10794
22340
8406
145077
115414
149779
86597
80891
53287
171000
63009
106456
65789
113321
108702
79860
148554
135749
742
90048
8239
94098
173653
27794
99074
108628
144285
52448
18798
110742
101557
124525
5612
15647
4886
15307
79166
111365
157965
16225
94990
68071
156776
124091
98239
2452
23293
79756
8849
71258
4043
104147
28810
138402
12263
75345
88256
131314
95908
14971
2472
29170
63992
80799
65383
163719
94166
100565
165809
24406
132620
115856
14284
26791
268
170800
118317
819
8696
117935
161435
169118
118143
21605
81983
37915
63226
73288
20575
24982
73608
116253
20234
62764
85476
2554
43721
63767
18412
121209
19687
31330
19930
73253
37183
81602
26027
55421
14935
157262
52614
46162
174098
150960
13512
41016
13724
21006
95709
12929
119422
106655
8953
64594
35416
66988
54159
34496
89287
137653
3224
48327
153738
108590
24447
66224
21385
18083
56336
112549
94372
35343
30390
32578
100769
12220
58278
11586
87214
82898
21967
91184
81465
63173
77975
27761
85896
9522
37299
8242
93383
134277
53271
46458
65202
107790
31561
2526
105657
69792
94065
9182
157542
53284
1581
25319
55863
41340
60985
101509
153222
52443
146239
102399
29917
13315
58902
17842
78680
23849
48402
130691
147277
37576
92829
156062
66038
49352
39314
85536
471
32052
122391
13811
124776
168274
183764
27402
136053
31703
75523
75102
103855
42185
85059
47277
79106
22929
102449
55973
151877
35252
29121
142716
70048
151973
164372
8511
94139
42883
48835
13252
93802
100934
133999
11535
99353
58792
25397
77700
75098
162665
112318
20261
90959
178345
46160
58216
64757
62823
75514
152153
93948
50120
18411
24692
73433
25232
60954
119980
1806
13539
36292
7051
3365
161003
182323
91510
149352
11239
57494
7317
28064
111553
76133
11245
42380
116472
28132
43493
81576
100406
84361
79077
52064
52902
96460
60108
54182
13434
102532
112919
57158
60231
58583
36744
147745
33729
79940
45241
89734
133927
16885
28004
121647
40297
86402
26884
57289
34778
103194
39007
33679
49200
72583
14719
48159
59206
30630
32399
43682
78840
69271
1075
26054
108262
129061
3011
15659
24115
91157
126845
59102
4626
65887
41472
184431
37006
67276
95636
26488
161547
75167
116514
54086
121123
41169
29928
65443
64105
6391
69284
85299
33168
25107
77748
71968
29194
175550
10713
142486
122558
79792
78473
138167
22033
80605
25821
37332
40523
23579
4499
42860
20402
30438
4168
33632
121168
174898
92333
22939
55070
59489
16547
122933
108458
30150
120794
1224
142462
59052
45521
62261
51825
108804
52546
40430
162755
110416
70711
124369
113479
4327
131345
10979
85486
107102
24265
86066
120311
72504
28111
30364
84755
164621
88312
113263
24148
111115
155663
126172
51838
77735
22943
24390
42642
46709
79471
46708
8568
77948
55371
96289
114750
74730
29509
19260
61817
48539
23216
163383
2777
122400
79075
68946
113764
4399
124007
92601
4138
75840
54011
52566
49040
99864
6263
100955
32701
27637
25424
38902
85481
23288
21176
113192
76893
147781
95286
55421
78071
143780
51256
41981
27770
16463
2394
1663
73371
42424
139661
3181
66861
89371
122317
3516
69825
36371
88524
20397
186636
116574
97369
80738
42662
64726
37501
53709
116413
18132
22443
74880
706
133935
35297
113632
8441
34251
124048
16040
41032
85023
10815
6602
27248
102933
360
15439
40555
92802
64668
76182
8941
23422
19760
38257
27885
130838
67534
36113
66890
139234
134165
60621
39536
31788
27121
120779
128896
20019
37637
73469
75283
49879
64809
110543
5554
39262
127192
109158
23194
116402
151727
19769
9484
40122
8356
90100
12360
21436
29510
32655
83677
130829
4382
43786
9678
144717
125507
82646
84549
48412
22740
90936
168415
20801
16136
53606
14732
53820
126856
125237
8381
57381
42143
48230
66976
64036
71430
57260
64429
48157
51381
100234
13301
82009
62246
27215
9896
24049
15851
125345
58310
164065
9218
68293
96640
24136
78466
46620
133875
59964
14627
26231
174910
90928
61989
45108
78602
39513
24391
10573
84199
41568
117481
5449
53790
60925
75479
15741
32709
16742
14564
29218
128038
40839
107767
41949
9476
23144
32609
74977
108122
131288
30641
78938
1285
34608
134676
11977
117006
147030
35661
145971
41561
101189
72964
24188
134520
23535
17485
27845
125510
117995
61695
103006
142892
51332
26828
103701
88697
114413
4179
23382
23400
190944
6631
28566
25825
27821
45611
66122
95444
34553
59086
53623
21764
80205
41906
13942
128084
150601
27496
48237
91963
90649
112609
123260
176619
32919
116755
7316
66577
40856
146511
26837
18295
116197
72139
68125
51606
83513
14313
144660
63510
65203
182690
7281
7633
77806
33846
122688
65494
13899
157301
37931
176015
154648
26648
84498
32267
21578
143397
66418
84172
41877
137744
92787
9590
98997
157858
78868
157053
102148
76728
46951
25879
10947
89273
116013
149174
39493
141388
8214
51399
61969
9191
12
4571
29414
43333
2101
29275
21487
46392
119781
143135
67024
15949
49256
51097
35838
29261
101543
55490
53632
132086
119653
23358
29985
78036
24671
41521
67473
15953
28926
149371
49211
8538
100275
42790
15546
84554
32084
57491
66419
49985
144340
76972
249
112129
9969
48802
73874
32429
21330
104187
131468
77400
17074
133368
1590
98872
7931
23759
28912
21951
94190
6796
99469
16341
85427
26997
121056
49899
38070
76263
53025
138197
56050
87297
98651
157794
44940
83924
103935
156305
89360
108674
169161
52733
178860
38252
8515
31586
69515
31564
38746
72432
491
101984
112000
22888
150152
106126
66182
98345
80857
95031
34163
71810
48778
25479
107178
25972
41068
93431
8465
24615
17322
142941
108344
21026
22251
57653
81955
95546
34411
54800
1186
46027
9610
66404
155934
39110
15462
16765
12626
112243
66697
24946
148398
187138
67378
54970
106810
137281
131844
37862
119962
43253
103052
84345
92450
2186
13581
20027
64701
82470
65064
110695
64336
178333
86393
43623
115951
67567
46417
86394
153239
1444
177118
65318
38870
191187
117210
188507
170557
102747
20354
63873
76614
89739
143918
116903
27974
6598
21979
8533
32502
52413
30511
159506
15909
71593
89185
64779
110664
49889
70493
102891
50461
94213
39294
99020
84024
161831
141858
175986
84087
25665
14895
122137
21645
26725
92334
87912
26201
73877
128237
44990
35346
22239
75998
126622
25004
95752
104112
23045
40272
49117
31954
60692
158816
110513
13192
29838
46616
36843
3835
40472
23378
83059
41776
34358
121510
54673
48536
104716
14923
34806
88248
136837
26760
24820
5772
40399
64630
87419
146318
9378
29993
63030
28002
96522
79335
151954
88404
42391
17812
50054
121373
27529
117130
84631
20480
114093
13646
66905
90723
27726
75971
20181
7266
88829
50841
24499
80716
106958
74198
84938
40062
129389
101779
99300
77497
123933
95621
39230
16496
75804
161423
83277
85039
4039
74888
62062
53536
34275
5765
111098
84550
101959
77438
3225
41855
89190
86764
47377
73371
73185
52381
19124
124181
110700
83294
23386
60492
124349
124020
61319
47794
73653
119873
66664
41253
20400
61015
47659
23976
58536
13644
46382
97210
29522
77266
104635
37075
32824
85154
41680
16761
68236
57310
143808
45981
126397
22594
91554
130072
8018
83823
6630
72985
89911
55175
99515
20257
14932
90267
17700
66843
82950
139348
98436
62752
74836
47710
26596
14208
14951
106285
6446
27289
155257
103157
109636
59703
108413
37369
6202
29920
134287
4388
71946
55147
112900
14183
24404
92085
69351
119915
83099
9136
2241
84311
48617
69614
2922
47256
43801
42902
88346
79349
38214
39263
18829
47816
41984
8712
19954
72197
147071
38061
80543
22677
81416
48274
27226
155233
135668
83057
99210
34666
23804
2023
60467
39953
27489
165938
37209
8689
38626
8964
139668
14270
6980
38958
8098
38763
107342
10472
71098
25200
69124
112567
78892
83973
17330
164781
144387
66255
21111
11733
108107
50188
14900
119835
25240
70653
28813
43166
69442
124569
71803
26222
7190
131473
10795
24186
2247
2424
13300
102144
79546
2981
104595
111656
156143
8306
57601
103377
41558
28061
17207
82776
123320
24596
6159
64292
24986
49471
50095
37290
91959
3404
1506
53713
28448
33814
34015
56797
61057
67030
231
12938
122999
124057
121366
46042
83971
170048
91592
65059
22491
10670
53933
93765
149311
79770
27329
189486
62460
6124
14341
58642
149778
19612
47141
35352
8048
29947
73370
89
42158
2035
39314
153364
51231
39004
106665
70072
3162
51033
116084
57447
56917
36736
21623
33954
28451
13240
57606
92985
9517
34334
51354
15598
99780
36562
104724
93690
63817
30180
33449
16869
81543
31211
185189
111352
442
13930
26316
78254
76962
55577
114303
89528
55978
181050
45065
8947
48733
56776
47393
1966
79360
399
100353
69968
26629
100248
6201
95968
94868
57321
56128
18366
107862
106345
135658
157371
7233
82545
10331
115609
6876
41194
76747
113087
146818
23695
47028
48980
111506
16663
23431
58972
144524
124529
166502
29253
13381
31724
43867
6752
2606
26621
4421
91520
70456
33940
23480
73994
84248
32698
102485
159336
126676
32395
37385
154128
79171
73404
130135
1002
85202
882
17126
134274
138008
141678
89284
134113
38070
112581
107544
36368
1004
43706
42228
131872
57243
166119
28180
52572
50241
37391
87494
48714
56332
5513
46896
65688
141743
16837
7982
907
6261
12944
33668
86933
18195
89644
18938
36333
110173
54129
62695
36593
75059
57825
1447
95279
42222
119050
25446
16122
120507
5814
110493
47810
79467
662
138192
6999
87572
12736
103692
102898
37858
26682
57093
66766
78157
56531
29959
116537
91227
5490
42889
31216
65827
158402
46772
151577
62691
92629
87893
103755
54714
80082
88454
86666
29066
67900
102178
28566
23529
32389
82165
38787
10188
34084
108438
1356
13335
31162
97831
153649
52846
72182
92940
88301
47150
47230
11745
25358
143786
113274
101674
9077
76117
23679
93609
20154
151054
8614
18517
33594
156260
143774
101576
88338
6400
34592
16271
62088
131248
18339
9633
31565
71154
111965
71123
10525
50866
27892
85051
57159
77525
20022
8004
142776
81999
32283
71467
59686
62443
119812
19306
1764
9407
89416
23708
90498
46766
16713
19434
11663
5437
64718
50962
117483
98432
36393
145780
19954
101343
126703
32232
87060
131480
129157
131214
8488
82750
24518
82056
87068
29404
38762
119930
15996
75917
16657
52352
32400
59587
82231
122090
151816
48760
68962
74443
93320
43373
110529
98348
13425
88498
98980
100886
67466
19622
22086
94937
104497
115988
39950
24761
89252
136625
8289
139316
48344
9612
75466
95204
34064
68101
19343
49773
37096
28324
63539
31765
19268
109961
35446
47265
17642
40609
137549
132368
144735
18885
95947
91501
18087
50248
163291
69533
68726
78777
82412
3373
11266
10129
42408
60969
45095
36789
16816
37492
35389
36309
91003
25463
35124
4374
33074
5160
26938
137173
40123
50282
52021
72220
99770
5827
165067
81074
14941
31317
74464
110582
108893
19681
15914
21111
65460
37539
52391
30553
105726
70319
127788
49641
34834
85305
24890
87640
79677
149722
27985
90323
113390
47915
28355
14921
103189
56889
135241
34935
119716
31167
80098
70556
6771
47430
14900
123639
128887
11899
5126
13119
68671
105288
71269
115389
58177
26947
138447
37503
32437
52836
86942
15310
36965
38190
172734
63187
108893
11554
19512
14959
107173
45045
26516
85906
98228
11326
11302
35043
8573
98570
127532
1669
61344
68502
4120
47728
165051
32545
114279
183239
73584
151524
11684
74530
88868
32526
168341
80616
87695
39379
7009
47461
19000
24444
50147
68016
62067
34691
2112
11362
6397
180597
88167
34028
20539
39400
102771
113921
135938
42582
85495
106870
46053
8674
73727
50353
4967
77417
170975
10472
74694
127727
23382
54005
154
135147
156142
77177
103489
70406
41717
23284
12502
58100
2726
22691
4754
82315
89984
42858
26355
27405
60510
18530
47073
2713
57768
44064
4906
134582
36282
117176
27870
17102
25201
27810
165140
92827
10656
146053
30730
90616
76501
133710
21887
29037
117458
21420
105221
77838
92338
32893
171791
142753
175546
81111
124311
136789
138359
71588
112408
105692
46870
10872
136775
47226
147044
49039
107916
155117
87018
72126
48105
30718
122973
20875
77259
130186
105735
18811
25509
30740
5223
64663
35015
71770
85563
43792
25451
34452
39031
123365
29716
125243
39015
120083
114193
22046
25922
39110
35273
21476
42222
112602
60565
115575
100909
50138
42996
28039
26942
17363
3677
90436
19154
115687
73428
54121
57528
65692
176684
50772
97410
10525
1044
17454
944
53250
3252
84110
97312
3365
69961
66748
58492
32582
84104
56443
115566
83863
123850
117122
46762
11354
42655
85317
11517
10524
14037
144851
9812
11272
23798
105338
47137
31284
89158
83669
38851
56122
168302
36945
3409
168602
53234
61515
44558
10649
104550
53575
42652
23585
19402
178441
8229
45779
67526
17514
75388
69953
30302
96889
101776
70647
127928
80145
84033
124353
123768
18116
149808
37283
56683
132487
12894
161388
121288
77547
73489
1516
11444
56145
62802
65447
47606
49795
87086
95047
102910
82676
27565
33587
99803
75083
157160
27854
58537
46634
77062
17560
73098
41270
119448
30488
113301
96278
152872
43687
92092
162520
56878
130485
47820
43693
112699
11624
105059
20368
72048
42920
28616
83893
28407
99280
55
164781
35780
20174
49491
63137
5968
56672
45524
86476
38926
40766
19046
49344
128861
147372
91912
102295
25065
10210
15346
109837
34207
34684
89591
112631
37871
126864
106171
7214
83948
58024
18206
53264
18489
23503
130023
8688
42665
190084
15864
33734
86471
93322
12045
5763
47233
77804
96331
184212
86641
40197
144166
165475
149796
30950
21517
98415
131209
80507
1245
19179
46170
31333
265
24072
99924
15251
71912
3834
78223
44448
41981
144653
55628
7914
79339
90945
55122
106827
52656
32051
36364
38216
87292
51697
55342
76738
53179
99193
19114
143640
149276
117326
78303
18922
105002
20834
29373
52164
40725
59305
84876
130120
71660
175737
69139
63816
16151
150424
55660
50588
185714
29493
97065
157905
49746
101276
90730
86398
50226
21247
106838
124291
70139
18864
182062
20327
92519
14959
105453
116253
78720
149262
73221
40805
146296
70604
16947
83332
54074
84756
85991
153822
6574
93861
116560
118944
146198
52673
30742
10674
58751
3954
100632
151193
108406
85413
13053
119922
56139
163605
46456
85112
41396
19844
106894
126502
27442
51197
11125
12121
135680
148440
73357
95797
13438
135212
112540
9280
2639
28882
23323
78563
45315
46702
3367
84581
170462
51123
88513
12501
84682
8640
137181
33554
115223
74749
76009
13941
20077
126220
113961
92593
159688
87902
501
64301
121107
96626
49468
130667
67941
108559
11658
113832
149725
84137
177352
106219
76011
76745
2922
54141
131826
154067
54392
38070
8332
37665
75266
69275
56419
100104
47522
96169
6828
124212
15848
166410
85383
41882
39090
8295
7879
119169
141820
3443
87803
128747
121276
57742
104426
168375
39548
30759
1704
60469
63598
54229
31139
23765
20662
88773
33279
74331
59761
103400
1550
86041
84422
43486
114018
21141
2767
31958
78350
100726
120410
3119
52609
52882
19226
112681
19102
54845
12608
70604
6574
72487
23377
71891
62256
67110
21775
147821
141324
14472
143089
43226
59563
87786
31425
62021
113916
156886
64816
77762
6855
82814
106638
76935
144319
51399
23839
8256
7305
36080
115756
28449
29679
49734
2744
11763
104620
133846
121550
81869
71656
17256
85340
107244
152804
117428
8242
92224
41956
7081
164808
19641
64451
45563
101635
57071
32860
136217
30875
31363
157194
11381
84762
54461
4716
99292
120192
13679
64955
162316
97334
38233
31318
24237
26398
22266
139527
20969
42265
24531
43641
28409
75905
106306
19022
8311
157453
48163
64159
20155
78142
164535
4330
63633
10375
57920
109904
42826
6110
119146
39497
22521
11775
130801
88473
4610
145017
7112
59765
58040
27890
118978
30209
24269
59120
113005
35097
8177
9810
23585
104236
6285
1505
84980
154906
125820
79049
93065
118824
50898
193791
61762
43088
33439
84225
20149
6068
2635
62077
171020
89387
84395
40762
148103
98377
121283
27450
93988
8105
21399
105843
108055
13604
28901
3818
133926
93845
109198
5579
138197
6570
54502
42063
91540
46893
21347
127872
21631
84002
69255
72765
13208
191151
150676
39039
592
7457
98955
136657
30812
61007
105403
51382
91213
82054
141536
15080
23490
53546
38994
143159
103121
28658
88206
45102
90346
72699
16700
47612
2024
126934
74923
43284
10143
122444
152881
24400
70465
18147
50118
34528
6700
41026
111578
98916
15462
24157
2975
87810
4915
164803
35870
41161
39230
51091
80610
107559
24507
51632
32480
134715
100799
21924
105069
43543
166042
163086
55482
91543
18934
45402
115189
102371
58841
4622
44273
95039
30332
96405
68206
22325
19364
25168
65331
8566
131947
20595
1798
50473
137909
46862
66029
164959
3415
164684
173832
30391
10458
59478
125321
54112
130889
29559
69470
63416
82289
50399
182395
121263
16169
137191
133054
171682
120442
59724
79248
80471
95438
138933
61850
127926
91790
587
150046
76543
113366
144793
31425
94049
109400
20840
5404
49130
46593
89664
76803
65919
63068
79874
74218
27280
16113
18337
90031
14899
109344
62196
157406
68084
14475
5776
52672
5056
9098
65310
45262
3517
82435
171881
124114
124301
38212
21755
126312
79277
113238
37808
80527
137231
29109
30620
12912
174412
89049
141927
73959
128726
10017
57785
48367
52008
24999
100760
98629
194125
27744
8288
9505
51090
50377
81260
118826
12028
52768
91851
64904
68774
48252
102456
80908
84043
136971
37064
1276
85206
119927
110082
115414
38672
33420
62958
2708
134078
40690
89867
23842
153082
27337
64043
1617
48369
29437
59224
17614
48294
146904
20475
55054
13418
49924
63618
35954
48865
59332
78255
26218
175982
54014
79453
1135
79564
46593
19891
45536
46502
6207
11597
8042
153275
127580
21426
119365
5722
22607
137058
63752
155045
21009
115633
172179
157507
18365
34459
147225
19477
159176
16291
153896
23106
65765
76839
85824
36765
22315
86315
60598
70689
139726
100237
23639
69228
57117
26145
93939
22967
161532
36402
15001
26305
51209
141352
189085
76502
65728
158823
31769
109420
125007
5760
152314
31376
59827
59152
8108
27387
106297
31962
61938
69402
9788
1821
76542
111672
83057
42319
100232
50594
190909
28024
22504
32408
113675
62613
149733
71246
84792
18523
63405
40818
55580
56401
76982
14407
53974
31827
153344
25577
16703
88237
32414
93600
82588
99925
15377
86436
91759
85454
47069
156480
75201
11007
124456
157322
24152
59324
122233
42858
98747
61057
80460
86860
2275
10064
16938
30616
29254
125093
70616
124853
33757
52935
80518
76499
8505
79614
82168
7969
17896
74751
73689
38942
13472
18244
116800
57798
34069
61750
50544
124080
23271
63882
25084
47842
18061
141383
53544
5997
3781
111515
63521
85477
86827
34250
71226
64279
7215
86660
98114
84391
136391
143903
1699
60909
69128
85364
4962
27184
145879
2287
94530
105096
23300
11632
73989
5732
1859
4185
123828
129945
143021
119756
144062
34054
20454
36923
32547
32424
18277
27266
55952
159590
98353
154823
102115
144301
150265
10857
57113
109074
58042
61809
100162
128253
19830
498
71573
98361
46852
98616
153839
87666
21442
18314
113400
186251
46166
20172
72695
39759
90594
39189
92900
130594
80607
47909
168213
59543
46924
180226
63554
23276
162706
41331
118976
95669
24939
100539
69653
80198
125375
154769
58958
74931
91343
48240
133637
7672
90229
34880
17824
102894
162797
59972
24549
47188
100741
16495
26343
122098
139805
57776
25676
96450
51164
50084
44382
30652
58151
42592
34864
3527
118891
76439
24216
106132
167460
13158
122765
71512
30254
105029
23478
61595
137770
134263
88473
57066
135956
52418
107871
15126
54124
134740
157113
22870
85125
46571
70119
146187
74154
112934
128943
101970
24922
98583
34629
112939
79690
45269
76417
129799
17959
105083
80765
107200
38792
103263
40667
3131
64174
29797
59479
55524
80083
39609
118249
46008
103540
60108
81927
34711
491
61671
32812
112589
51193
96130
41237
62521
65580
65087
46150
58217
18921
52217
180290
55263
147855
60004
16786
45567
23515
64492
101940
1082
15610
18634
5578
61172
88238
79656
32250
127508
71487
82332
195287
42164
159875
120136
64045
57706
73397
42655
26497
27783
10724
7471
98082
18724
146261
2413
6171
1363
81819
91797
126967
134776
34794
10300
162117
49096
44882
137750
46225
53558
121487
47791
21038
47952
3715
79286
26402
46218
22541
122681
4217
24598
20761
209
14442
33339
51315
42753
14916
84012
133494
79353
148583
31283
35442
41503
28575
95438
1446
94855
54003
175332
54312
155459
159328
76917
127589
10558
21949
81322
5164
81955
104508
24239
12042
33322
174106
81430
94857
161510
25100
43256
115684
20001
58433
76037
69906
138894
100665
83183
36254
158264
55806
110354
117199
157
112090
155692
5343
36844
115463
38137
45864
19834
86379
68283
66599
6883
26271
12608
67063
84656
117156
22553
43335
61194
46796
22534
14528
157549
35297
134613
34369
68712
102160
83604
161951
58461
30475
8441
160503
61873
63003
107797
20730
124469
38037
158773
157285
18370
19580
151496
106272
114269
14807
119912
126502
125029
128053
166430
164842
11561
189137
92218
34179
26393
75982
22876
178245
63558
38464
105025
69322
92951
103299
132438
446
62926
97494
62111
44437
107842
46273
6155
53411
79826
72196
73389
40870
63555
92431
10838
153291
6970
137351
11364
80545
41943
163075
136328
46058
45039
108208
44219
172559
65704
30698
52874
19435
53585
21451
97974
76873
10486
18632
105457
122391
17943
36644
58843
157715
141265
61323
18536
21975
98248
79206
105447
61835
37690
82775
77841
87090
89560
18699
40268
79692
78575
184516
7156
63669
17242
10181
85048
117458
106869
7471
1381
20631
4620
71182
12644
32533
84123
90693
29081
97497
34401
36751
67236
56649
79695
44668
83564
100461
100413
75941
12917
59757
158842
134786
55859
25460
26575
132910
38346
121866
77421
40700
59334
141005
139155
73642
45110
66648
5191
46364
11035
129407
2014
34721
22739
30033
89719
114277
84300
70147
97285
128014
16446
45243
52005
113662
78707
105867
42749
46725
83211
66049
20665
56973
19955
20160
75385
82797
39422
152785
95736
55771
8932
32732
38766
96614
154844
4223
73860
3406
18000
1483
30271
37148
98486
42130
134539
22564
48009
45769
69853
132723
119880
93725
2531
8613
60224
69200
19862
190863
110501
11094
143639
188468
162017
45560
137448
7340
25534
11216
116207
56011
2508
19148
97984
46082
74915
110424
107154
62162
142435
150282
48160
81742
91485
39444
115297
837
104629
90785
12537
3733
5768
99378
3604
56521
1808
23448
167276
78965
171039
73540
90972
28762
8290
177638
136248
63533
158892
109022
49456
80308
22485
56017
32963
1455
9467
14160
59554
20380
132242
113753
126707
14567
28851
4212
48267
44363
78804
48777
15059
67459
10380
14235
47858
79372
42383
22673
105686
35728
17550
88783
66381
153678
55604
47940
131399
11117
19216
101619
141399
5497
66567
73383
129877
3574
150411
21181
87660
34098
4411
2519
127147
121201
45483
5204
51683
21993
115278
32302
51419
54238
63271
57484
82377
78641
94794
47859
25177
22038
166776
22983
20231
103189
167740
23448
68388
59993
10725
164406
2226
23184
23828
92960
33617
106094
46388
93750
31200
35822
97036
42561
96375
14151
19685
118375
54614
6632
91965
110340
49388
26030
90571
124896
35108
6884
126432
17695
150608
148686
22681
120668
78046
39445
87380
94567
75276
21285
85046
18124
16960
145606
34374
5961
3307
147346
27944
4501
79542
144732
165765
84523
173268
54335
146575
18285
113218
154744
102394
136291
39791
160220
18306
106587
155252
36198
93735
20494
26988
39191
41280
4380
3623
24713
78171
109462
80294
118039
79318
17801
1607
30984
114772
79441
42395
98401
12865
160403
34376
65153
44161
127239
19723
9789
27292
98342
112153
54871
7353
126543
14926
48209
57463
135273
30492
10650
3401
18339
17706
48227
19299
50254
42575
37842
97404
34190
53234
93514
80645
138690
177039
117543
62508
50199
61648
47343
38889
63944
113657
24431
139306
23606
45271
51759
15083
32844
176040
99228
108806
69545
138413
21436
32730
132116
75523
136567
73678
7680
134332
127995
47810
139921
80215
123436
25896
138861
59156
119733
42688
10050
129132
35102
128611
119613
76812
84504
132398
35344
13700
23707
73966
9661
33448
15297
151463
70121
47596
1296
118684
49622
175720
147974
104671
7143
31173
2571
176050
122056
91453
38114
34247
112137
28797
19819
152949
19332
44827
151661
89576
134106
138143
83280
3860
30481
43957
167928
89986
76114
55609
11417
25780
21784
58283
159556
48913
76943
96484
93218
47028
35269
149189
5001
114600
75009
77018
127177
57560
92579
155877
27231
22476
34564
38797
68543
31019
35327
119830
76639
19568
103643
54333
147717
91869
94344
18732
67863
6103
653
38594
24104
9990
13944
82470
153571
38235
50302
19219
101612
79112
21256
24688
88577
44340
12711
43743
64006
49598
5304
5032
134380
3768
6561
152506
94043
80741
98792
3817
23591
16763
90784
73161
47844
14603
44099
34794
58142
100473
48172
45139
25684
53609
55744
58999
150603
112985
62145
41159
49722
95107
136493
9171
34890
84253
79280
135890
115448
52281
67333
39302
27675
30653
40102
53340
70298
27826
2689
60561
52112
88254
175985
146248
28992
7430
64944
10992
108828
167745
150334
35912
57777
35288
24616
21620
45846
47974
103561
35011
16097
22213
72175
26216
74776
10607
91122
92604
97727
9476
106272
135503
62520
118023
3850
15929
44230
10142
48042
141671
47011
60481
157502
128780
79007
47825
127941
72164
85661
2320
59388
64180
120182
149691
17535
145416
166208
120098
16728
108589
17167
52827
134123
7543
37376
47794
156358
88813
67301
21238
28924
121325
3222
62510
64649
9782
73952
103730
44204
71979
53073
95565
14547
56284
54027
30440
65241
23269
97945
53955
7220
32543
24626
30075
272
181664
2963
93543
67032
65661
44929
24634
44185
92875
119310
67614
190408
93768
122101
58721
13818
39246
85232
35479
150148
17496
5216
41007
16220
30640
9080
5465
22071
1641
26230
37419
81223
147120
32623
51224
77794
132
37321
104733
55980
25537
87959
134593
65543
107086
26871
72174
61648
108685
4513
20515
39157
68370
75448
106860
14817
75562
159971
163260
19944
57179
80161
136068
94146
9117
10751
126911
55447
52256
158432
24662
88304
96590
89167
180380
15503
45748
26403
4305
36767
73117
30816
16327
85246
66950
48779
37752
71497
121829
91783
155312
89933
84064
5185
37760
15876
146650
46770
136025
106242
40425
33236
76528
7716
10728
10041
45646
32487
15558
10562
32544
54359
135856
89173
76650
127094
21791
24644
49658
45213
125886
34000
48222
131903
37133
131794
106
9420
188612
4707
81258
113531
164268
93671
89697
31351
31939
19048
16912
139043
32117
4658
52660
19215
22271
13170
56105
24913
88362
87822
32584
18647
29269
87899
66903
2299
153630
50649
5324
16820
27686
6718
103523
108239
102950
28055
155970
137982
38041
112792
106987
23425
10320
166422
10607
10983
27692
86747
151072
95459
114031
113548
157255
10382
151393
79137
44077
57394
94624
116517
49854
100738
30606
39490
25395
85355
4344
96029
144706
87148
27423
108601
155052
120811
57785
35534
19810
129303
103039
170980
71401
74440
89138
81085
69076
136788
87050
120452
131832
59691
5580
44050
132853
48224
22611
128792
70521
30915
29390
38570
24399
62326
11595
11685
44955
44459
100767
23197
56205
93181
62994
77526
11034
65542
1145
137671
85483
30605
4265
101123
15795
8648
26080
27529
12413
45421
6228
34780
33696
169267
5465
110195
60186
48560
10215
83458
124085
11422
15145
45674
82540
54437
104248
66623
13979
1880
17051
41584
162609
13698
5704
36023
127598
16904
19750
106472
33830
145094
3706
7325
132265
22342
39272
36226
100626
106832
25788
72839
36101
83584
67205
66425
2251
155439
21607
109329
17318
102011
41888
67282
100803
156208
16834
10616
14973
35068
62987
19742
185831
65526
1232
39028
53450
68079
13640
78738
154059
22501
88325
31946
134102
46055
73553
185962
33225
69553
802
11006
115867
16094
34980
77016
57330
50387
27085
50730
26868
32624
157069
99927
52397
42956
146078
44290
73843
86150
4558
24245
31333
90157
106384
10767
15347
164786
82345
15035
99082
49302
97953
159374
30499
167340
8092
153976
118350
102057
76638
61382
6753
8065
102809
139624
77122
473
18614
12398
82624
92982
1429
85061
103794
48805
90303
87381
41886
1923
113514
16639
45119
66587
89311
61320
3559
44082
46764
13241
50246
39633
64774
113995
45745
54061
22473
59549
32444
41954
11051
138502
92022
51169
101541
8215
16186
27842
63042
127054
36772
94022
5540
3872
50244
112616
141897
7621
3195
36440
118387
114459
6342
50965
22198
95409
112469
39261
77516
95359
67668
4334
19686
41544
83892
84125
155206
8501
18941
72188
78017
26362
46557
8321
111905
46717
72491
34797
6137
15856
170994
98004
82735
128551
30244
102445
101199
37649
19394
45173
78074
123016
55115
37284
55518
89169
2351
147772
31018
37035
23908
69592
23257
19597
12929
117110
11299
97956
8888
105952
129015
99367
138645
58020
83326
112680
15399
29350
143238
94639
23522
160648
65140
85285
93458
48128
9567
26295
97773
32415
124234
35200
142653
17016
42494
33054
137048
66453
55910
17018
40869
24417
17184
109717
81837
127230
32985
26644
70158
69785
83380
26153
70904
27798
23196
18777
102397
119809
70688
1953
92551
6049
45783
66119
62318
82586
61936
83461
44839
121894
51664
23178
17282
30406
11219
15491
110519
129620
110435
42093
47090
33413
84487
22585
94738
54532
3117
6029
43467
13821
8172
16638
86669
35940
99155
93207
73274
182392
12018
12835
32089
113623
45203
32557
65211
2347
33250
64761
64751
27938
5036
28283
89776
820
93488
3787
94006
6641
108845
24576
178037
77759
45302
118874
47884
15253
62158
130796
121363
71079
34175
42167
107781
146495
84258
25846
61564
125983
170842
843
47163
89187
111608
19399
142198
49955
123736
89462
72055
136127
164017
118903
151130
18644
88208
65247
16771
50432
54533
1061
108477
39
11047
6751
17311
73499
76445
6430
89778
72128
4238
37936
142341
80714
32392
89827
56601
24683
42916
10538
11149
157178
27267
24846
75169
18379
131377
8340
56823
13267
54765
77793
82908
14527
101023
33989
111712
11416
102460
13813
153744
66051
11153
93896
64584
13707
55946
152949
9858
26036
15878
30416
86601
1823
63565
107187
118034
1570
115489
128430
25888
87122
88003
8201
60481
131355
125625
40661
55832
49197
99809
17362
88436
41835
120155
13655
116775
35737
18267
68639
11790
24857
62163
94717
20706
46057
39072
19563
39821
164984
11343
5772
84289
99784
16978
147128
7600
93906
168390
66586
182464
103187
75575
108475
46652
71639
28080
146369
37616
15309
18086
56384
5684
42531
33218
140162
98982
23397
107327
104170
43780
90898
19722
157066
43134
1549
104723
10786
244
69425
38105
48824
108108
86066
59318
39502
35974
20882
19976
30442
18031
36537
66151
59313
98181
27358
91465
81871
51430
92380
1299
33412
92642
32347
137014
92509
12936
84831
87719
32368
136609
56431
31978
45553
150718
52610
102274
44996
61221
50901
139226
36853
134309
8899
14316
54615
91934
62466
53455
10288
137817
5787
127005
121747
24224
181655
64047
68774
48295
43219
154998
135494
5607
17382
9271
151236
50582
49125
23202
72584
147935
7133
120034
47577
53970
6135
41111
50921
95299
77180
29422
86596
151375
96947
21608
183154
13557
149208
74770
78941
56352
41036
10643
29101
162766
50156
118817
29931
107890
13709
10001
66202
89681
21062
1658
4145
55914
82765
77556
62462
4467
9349
12322
40613
20953
46972
5750
84095
40734
70652
1488
40080
108154
42705
7838
174888
91370
153049
75317
171396
73498
35829
97053
29683
69444
107298
34895
2046
26200
6861
121261
31961
14187
61874
57813
10527
115315
105334
68235
46110
128457
22765
101496
1444
116683
74081
27759
124866
127757
11669
3524
48926
12282
5276
188474
64403
31479
8277
59624
19325
70422
4384
61995
79342
39240
176891
112706
16517
79039
93649
77385
45110
47261
12220
133274
55633
25334
11530
89140
46795
7769
88845
41539
102018
95671
63757
100320
43276
77207
120269
98920
57238
5383
17061
10964
40721
139786
3045
74273
6159
108716
146043
5636
109460
77040
9654
32786
93558
59433
10587
31641
5280
53047
120137
41041
97652
26014
45523
118800
39576
61224
126421
24217
22339
19445
28310
29446
24760
58408
127526
48971
50110
19601
11819
30738
131464
23949
53759
98582
82274
93038
71604
24184
114055
8765
163940
46132
124164
38934
107273
55647
157893
41057
92033
99057
36946
47109
23324
103193
23671
45894
100768
130284
33182
12356
11066
43096
60180
21082
116494
167559
115200
55828
41922
19956
98696
66857
20420
38097
142387
28557
20338
52006
169946
63350
28543
12142
88358
155521
89056
35218
93855
53437
32625
137517
143852
59238
51581
23624
52977
33690
72963
86955
145634
64880
135762
85543
14941
174125
14739
22054
106571
48394
5929
57435
36994
49361
111341
99945
152037
158678
158550
63281
32187
30567
76379
56839
7964
79824
90352
68833
4965
22131
2260
24458
75610
191176
84154
27483
59326
26491
129385
30890
19617
55561
108463
17396
92299
109608
50850
79526
68137
29661
7452
34716
75850
4163
144512
146033
136041
150087
125114
148422
16533
156915
85189
191319
43662
46148
20527
64305
5808
37039
34962
83866
17499
149658
46081
34926
115883
30718
99549
82757
88125
6180
193398
109261
111491
61285
104956
53627
29147
66125
126970
113687
155421
134709
101525
13094
23380
13131
112586
48132
166832
71344
111315
20121
4311
104632
58095
59789
134408
55326
39306
93775
42003
124486
10832
76597
17374
146078
81565
87646
23481
113131
111656
106627
35430
26793
2997
61795
171139
2454
98924
20797
20498
45770
35778
131480
177028
107617
57164
8790
85874
119598
45284
62214
76587
31292
41459
2007
12270
82355
27880
54878
95431
106189
126444
177901
140258
149393
32578
103120
42451
40104
56212
13382
135669
47719
121055
51087
47033
12498
23268
77538
14795
6891
13438
2038
88429
35109
19050
71321
128812
56208
184421
76590
153235
10282
76550
162648
89688
20763
49494
17220
40623
55683
16946
112072
15268
1818
134344
9706
157225
42441
12560
37560
38944
190414
5632
99272
137748
38241
61669
158694
44236
43957
30898
1063
3243
2602
108935
99760
5169
8044
39568
135286
24267
1798
53242
124690
4754
24695
136028
117315
106791
59133
131411
78753
1593
101024
57898
16775
154594
45267
30397
43411
40859
17166
926
120445
79883
116574
148345
57417
18169
14294
7102
52568
67643
134776
128067
3080
7294
137650
148565
31399
121242
36500
33314
59935
70939
26321
50591
30553
4992
35501
98017
34014
145847
15340
155411
13830
88050
134995
16144
49976
78780
6346
164781
131284
86767
31296
52649
8235
12150
144458
160479
32512
35062
7372
177782
105727
28765
6377
65245
96108
120919
47136
37387
677
30270
57162
95697
8473
13244
90812
52137
19986
29266
46097
78374
38637
110182
11849
141440
13473
5183
60094
87876
59669
56611
64129
61684
132857
17280
54653
76522
43825
26860
80089
114128
22116
102064
22746
2676
44177
15954
101527
5605
4327
30802
150370
84326
74748
118507
14381
32157
4496
92858
37408
31485
40172
115770
17026
52258
6792
181672
130866
55736
151816
8283
19797
116891
34731
3306
17602
103775
124237
41699
96422
14173
82570
34126
26240
122585
138936
18331
78497
49923
92351
1109
140390
97474
80701
2449
28806
139303
143959
5531
74097
120755
14581
18287
62019
155169
109734
55970
118681
46403
56291
45502
94240
45389
144203
112898
173550
100418
30802
11375
41898
51107
51951
90332
73458
1235
1920
111751
28875
127876
67488
138585
9242
83742
106590
156368
39075
92639
144479
33105
65316
116347
37681
135215
43956
31452
44742
51539
158507
11771
66058
150892
157
35404
82185
3418
1955
11938
27076
44639
37522
12227
837
26210
4812
105632
131491
13467
152205
61332
31585
19360
25146
123142
74304
85091
94572
46499
66111
59175
134475
35712
83690
12660
45946
79708
43158
5844
