94
6 4 4
537189917 513858413 544869820 426368903 52503600 513907306
109353011 712642174 415569600 353455256 140028118 986683286
1 1 1
807137589
631950806
1 1 1
466516802
535022726
9 8 8
271309167 945682013 562479279 581881385 694548344 502804802 824135813 703664736 690371760
913507106 736401204 867623111 633753715 158083083 99230783 682763522 532652273 855454480
1 1 1
210880342
527113235
6 5 5
302414190 448167117 234523502 821061594 900773709 436742364
755690560 988508234 477621337 737505906 972654343 146848161
7 3 3
50668388 206795471 689187274 55704441 516802939 83513711 405183233
605804196 889198885 131365717 634293020 451706200 332730162 242754813
5 2 2
81936773 821688521 141853331 250361266 871763398
497128528 717925853 766808922 273944248 611468355
2 1 1
456371772 162657770
53980953 266731070
7 2 2
757210446 711850033 973869936 506757224 703841952 960546307 270484340
287768332 789738472 977036643 607021781 808838906 523940545 406269142
2 2 2
943535271 399714795
684674104 566987317
2 1 1
14182705 910675103
493325039 169071802
1 1 1
966707205
907399155
1 1 1
67230955
685414500
2 2 2
201432738 162501279
850577318 315990276
1 1 1
214755340
930851542
7 4 4
7697953 982663392 91193785 395585670 720534054 400639837 204984701
250104954 299879541 525913145 660714455 656498820 99373333 508822275
1 1 1
350148467
576981176
1 1 1
483818864
834863267
2 1 1
791030387 171847547
670380348 252927491
1 1 1
20072896
450036855
1 1 1
240836468
310868363
6 5 5
45731351 948384928 97788883 234468624 226877278 253198587
740375194 198297577 611490861 42451310 343913960 661969910
1 1 1
748017495
917707187
12 2 2
856762746 241403713 409064632 807829828 43598727 138444217 881630082 575608297 361887289 375882996 693035180 138990855
946959628 854528178 373898009 129204521 959462700 23434241 915427700 503824377 684949834 721561868 732683770 564004999
7 6 6
190213093 749963648 58415342 595483006 510541110 311252264 493084273
624782552 354792944 818832431 228015003 744846309 812558815 244114289
8 3 3
805316238 350767177 164399612 854619783 285878069 523929234 127973945 993721131
347935297 597265904 205609938 797815156 380999068 873670862 428372170 78266066
8 1 1
230655869 300039755 571932982 37199439 857074682 929882052 20300740 724357480
175198379 155241217 666787927 626084055 217518373 788130306 411149029 740048914
1 1 1
314544811
605493033
3 1 1
651420622 537661194 124345254
388974927 714631951 315790451
1 1 1
824880561
516172186
6 3 3
734787212 913378081 612799127 564732492 84791531 234997088
433377643 724875700 794928792 491294290 649355437 719201557
2 1 1
743549300 346126100
267531541 364855848
9 5 5
332657354 984847246 627071231 456187638 762527790 53547845 855054194 9518637 736228357
916618989 882384191 494192522 382783561 532000574 771273703 662725634 992935710 75928930
9 6 6
572222221 347168538 379495137 918781537 711627153 892231778 252076412 375520942 457099983
188428729 702071890 76375883 787876588 507326640 275888564 557835994 795737507 661432576
1 1 1
501901734
564709246
3 1 1
925756227 542230680 502303765
314083616 907438022 71203976
4 4 4
367503750 465666269 656645693 365526051
674128477 862709402 588877901 747523495
1 1 1
770113473
576558475
5 2 2
179694750 925722607 262026812 90535446 729229572
790605479 559443691 540144538 108062297 771298496
1 1 1
670753438
609573252
1 1 1
774139274
244509739
1 1 1
880165730
140057247
9 7 7
380782105 789520009 593026449 303973893 646980995 306625399 268823241 180684649 945014048
609577304 696924358 639580160 116951597 93799133 549719081 956110789 760767562 687669686
1 1 1
793005030
714079696
5 4 4
934846070 541269030 430540234 955334561 572682415
195485571 456875899 869932175 226069082 234023882
2 2 2
470183326 89329685
430707612 457293592
3 1 1
589692103 144212996 212373215
523684450 967550665 770075732
4 3 3
227402334 947085307 218613596 299754372
234938026 139076647 153996616 178002836
11 9 9
39013850 797843522 166054414 663219280 858550058 458967450 850753297 279324374 803973924 646537940 378527553
680976605 841014977 616862749 691802040 15546650 239687017 640728382 215807632 870824274 385620947 775329170
5 3 3
308996013 657147176 433438453 711095050 33284965
970495409 275944416 730698936 712282400 580330195
1 1 1
982368607
163150906
1 1 1
39700779
321306042
1 1 1
291107192
738947893
5 4 4
935849746 268357373 544043325 337770789 748187727
351414237 89089377 618572006 552899890 368732343
12 11 11
268620869 343133412 32744170 767174886 782830004 859541457 224048388 87225617 766802697 490175422 610063081 851668309
420911999 925359006 53484934 237745861 833738873 929230182 997514541 232877372 707786705 791774772 324883596 586039019
2 1 1
723819492 699448709
163785647 638711109
6 6 6
133086746 235916280 488383998 79563618 14476859 894616240
174439681 304612704 443758311 191361306 908183857 914889375
1 1 1
469595841
289158847
3 3 3
340332277 198283328 621864377
341948519 823411736 957621423
1 1 1
204152426
382596081
12 12 12
202828123 258846227 13492940 256998114 100135080 679261898 784737982 538755749 663992046 211891917 623425625 6896201
325860716 874903391 352780103 352459771 861358924 114589175 830007944 405283293 121946370 206912279 998111297 1951753
6 2 2
896165033 854750587 863019190 230990715 895143641 441784270
84209951 706586081 699236681 496569036 832064033 25055549
6 6 6
137757771 681902282 576532738 358412342 967940509 15468604
564658836 949317355 642811413 547782945 948961272 36780843
2 2 2
558776731 561819478
407838025 60016553
7 6 6
431052234 917869370 26051501 309265557 873804836 462346326 762515135
257707632 783307912 980621545 21614436 892486737 560556070 329146491
4 4 4
253262061 900051353 107802193 467084242
26473495 570200772 642289043 484146070
2 2 2
187856934 938505008
120645566 75294344
6 2 2
802340805 668981103 662641988 678280715 391885091 4504687
766723206 769117657 715599841 682274199 789703773 463479276
3 1 1
658537520 68139178 354055867
814205592 60998865 176023572
15 14 14
506473700 926309737 104717781 995069354 54127396 921277534 722501612 865961001 118749338 146277997 918563091 746612609 435971665 773862704 315659008
862372614 474940671 166538328 910378426 835403540 829962995 269355809 233855404 405311692 636112489 764060011 151363493 463275695 137825995 97399074
3 3 3
842707900 557754837 537681269
858326396 71150873 459305715
6 2 2
296431885 314655079 741944564 524278499 559909607 887282772
778210833 588053488 651916017 33691599 355016363 467448154
1 1 1
251114922
612513277
8 4 4
128283186 885171248 772545160 230271680 419089503 234334665 510624404 316713440
329730475 929273721 69899494 710093939 444051980 789719910 970288229 689170492
1 1 1
449708597
340517650
3 3 3
605136784 363578785 117147891
658485735 213033187 917014882
2 1 1
602574259 661054547
493422254 192699102
6 1 1
504159056 435811431 170187404 870600278 714836017 563848265
810052804 567681486 765475212 924275181 739192172 89559635
7 7 7
499368957 940279719 611083434 101905976 20874650 72129400 256906589
118448975 162352854 804495065 949890360 643578011 527528515 423971458
6 5 5
229866680 388437492 542058075 450861752 498304487 330788708
794590399 278736154 590266682 965105790 257502330 60181764
3 3 3
724327996 310518955 837583450
621984955 931435094 990930775
3 2 2
436026359 738067276 818977015
515344559 83114570 102801201
3 3 3
146848713 10811328 620583228
767673864 508046100 21202470
2 2 2
572119052 958660995
290122313 228325306
10 3 3
773931031 846540495 432443823 908005098 484707794 8893883 88489468 171452023 68350417 120703849
27948861 391502759 121538431 427632438 854401686 223874518 806020793 417255260 445237528 114813553
8 8 8
944013802 545610492 897113980 789915115 778887408 183136123 984832164 802428170
964959932 409925070 785018570 38190603 786440274 300073484 136237851 802976961
8 2 2
766417474 149661028 88155758 903119724 27366505 226790610 146110439 397926290
276126664 813220334 175505130 203382737 775055108 995705828 815136197 944531263
6 2 2
184219811 264619221 66176841 24743528 414109232 372756136
542612380 586875310 863524205 287147757 194557297 600334312
2 1 1
874703197 208951940
309704200 306026135
8 2 2
700632621 87114028 394463290 721523957 781012517 925268272 325265844 897170466
111788103 323820597 700946903 643005196 503919017 395289938 830140458 23488620
4 1 1
634437201 796360501 967738653 980089147
566225608 323907620 705252247 637608332
3 3 3
166033583 994907198 403202413
449031218 955477953 650058591
4 2 2
632720631 363429583 732291446 825400655
664135040 586058579 386183869 567310756
