2081340973 
62069396 
516657601 
1308860140 
1976464339 
3705862312 
2311716773 
1308965276 
5763885876 
979871953 
253738272 
689386443 
1553648643 
1563871251 
1860979131 
1811212956 
1201127114 
3624618795 
1230871254 
630310660 
272816018 
1392633216 
935863263 
3703237038 
306417744 
439544996 
3833582881 
1068867058 
3787142997 
1439824021 
2845354797 
5365338225 
1178647761 
3558211760 
4636090037 
818988977 
1269005950 
777030934 
993463767 
1201122846 
1979382216 
1039218263 
2159125489 
2321366951 
3683222474 
3104219821 
897316334 
692969149 
1047495265 
503629582 
1217099985 
1456178584 
818138900 
1138723960 
2135145965 
409510389 
1713146263 
960539517 
357638699 
4761347375 
1485865366 
249913664 
1828387615 
85120021 
373749309 
798722864 
1371171138 
1141479708 
724542655 
413135540 
501024568 
337800978 
1679774603 
1892451930 
1276901138 
5436325599 
4250657065 
760440288 
11903085814 
943825105 
1048871184 
986034411 
1081675512 
1842563627 
1434794571 
4158827378 
841612962 
4589205867 
665617719 
2677769780 
370917186 
4305677951 
1257330694 
1142608433 
217082974 
940499117 
407583939 
2738232809 
1127072877 
1070826301 
1897523516 
964152920 
1343225246 
431248142 
1479216134 
1079136482 
3153298482 
1505049672 
2200191435 
662258407 
480725258 
1263191672 
1321511047 
443428921 
833776065 
1302737393 
98185199 
1032115141 
2048433657 
1422875994 
893739716 
2273467325 
1538615650 
56435839 
280347119 
995056881 
1502034677 
1334924620 
1040200740 
661229552 
1682792576 
2446532998 
940220224 
1098185230 
1702283692 
1325666332 
1605834589 
2485326270 
1309210393 
2601989141 
684910403 
549732971 
1023773294 
1264345134 
3442148822 
644541133 
161988827 
2258235184 
2632312333 
885896737 
523752859 
1267743127 
1300457354 
2456680523 
3679507428 
2730588555 
7338092919 
2043502741 
1968104557 
907617679 
299527573 
383005699 
1593799144 
2040159494 
877845461 
1408488072 
2189357349 
4585556940 
749038833 
2097017805 
1527429846 
2609043860 
2079077144 
514639609 
1433564144 
1076524190 
3364827685 
1372211985 
1165403895 
1065788293 
1413537509 
614024758 
1748270173 
1221093012 
4418533228 
4194441041 
974105424 
2660177118 
312384968 
1231876139 
157830505 
2501219570 
2084959863 
940512174 
2950646172 
349469903 
1561914205 
916380335 
4427443115 
719872546 
2540927409 
1245721339 
1176201223 
162985650 
1093952707 
131599689 
1002629949 
7861262866 
438434817 
515405202 
626540204 
635241553 
335588109 
554913333 
2639633219 
2921467318 
568940774 
4125397894 
898537394 
575408456 
192938454 
1694092572 
1440079365 
1437431359 
957270685 
3366135368 
1146293020 
201273849 
432728487 
1146156663 
2968747052 
469792636 
453973655 
759526966 
1546570033 
1189217659 
1128562597 
1017929380 
558009454 
1086972946 
3848397787 
2985915046 
1452436201 
691678314 
715884926 
6769594353 
1012710539 
210788114 
1618104643 
897524742 
1356803283 
1123338874 
727574983 
505271593 
813381302 
1458090478 
1849997861 
1193863137 
4776039106 
395981232 
294157314 
665645453 
1156741156 
504261302 
690550149 
10948167346 
387885277 
1397880581 
2306990583 
2154985795 
384411281 
2001454359 
1459877350 
70109301 
556099790 
3497588201 
135957946 
2032661702 
823794710 
546220895 
408205046 
1144640895 
732770510 
376488668 
1259653074 
1159755865 
2554872687 
2539998966 
1771322007 
929063432 
975928691 
598150339 
2497502612 
5372595141 
722398850 
1232132944 
692217741 
212252209 
5594756980 
1425976714 
1395543654 
3712605010 
598888795 
450151987 
144580197 
1333931388 
1958163543 
1556838622 
881396451 
1537028905 
780546335 
2700636391 
818981486 
495842990 
515788446 
509351302 
2278094502 
1101569705 
1956201486 
1345359364 
1143732872 
2232793315 
1974732581 
1462618721 
2703425674 
479111970 
784541710 
957742670 
5113582774 
1594604238 
716895389 
213113631 
533782781 
2066986762 
315609674 
1042472164 
1422519405 
2614035126 
573899586 
1157406289 
768276485 
747739564 
741661160 
1273768994 
900104108 
67049681 
3327905127 
1534728372 
1211693681 
4493456154 
998893077 
592402075 
399771108 
273579302 
663851571 
768756279 
820177504 
146634231 
779155941 
2585953246 
777277174 
1796911459 
751939895 
761280477 
511685645 
1124108622 
1643084712 
7917469973 
714858272 
2394220251 
462139009 
388642226 
700478682 
3844131100 
7626567222 
2878322961 
1168612410 
452315342 
6915850163 
866646881 
729316662 
731989320 
537185586 
793107971 
1945669263 
2127870131 
928998082 
886779617 
1077035169 
641031404 
1488873083 
434766952 
2063088593 
65835041 
2843676970 
1180964673 
335125752 
1120557170 
1599934484 
136726259 
3623263114 
932696284 
1918727291 
304631526 
2352082490 
2300752992 
973108682 
1925646013 
81231102 
3175876003 
1450969433 
1835162210 
947470290 
738845365 
1059140553 
246765381 
2938225124 
1860899608 
3300451884 
3331093175 
1115259679 
1436381704 
5473011035 
1135407066 
338311711 
1352009687 
1350950815 
391740749 
2552797832 
3860240299 
758498670 
3498989446 
1060011192 
572227671 
1060171660 
2577299724 
667802019 
9640657338 
1325201501 
553045883 
603102099 
215293412 
317367811 
4879892392 
653580320 
1936858559 
3384311375 
6619708192 
2286483768 
952664039 
1994934178 
1287706457 
507665811 
3586226873 
2302854219 
729890724 
1141035523 
825080552 
598167091 
2482331182 
2916239301 
1696578452 
2175841972 
846498535 
899216664 
765450633 
456195239 
990613170 
1179982524 
1575097189 
969504146 
1407915936 
2135360822 
1663554704 
5102050890 
1865969992 
965473767 
850517922 
3244096856 
1848619783 
3445871858 
1130977802 
4869048757 
340522682 
1470523000 
1529892672 
682567088 
13231509822 
1260598804 
794292526 
1051486691 
1515305566 
525387379 
1606897110 
441343679 
672030837 
955935769 
2585555340 
516378914 
810535899 
7703890388 
3226964211 
774845168 
2063331122 
1117110075 
1123997133 
549792725 
1933896805 
1974963755 
485198642 
492958356 
1665504168 
905656768 
358827095 
1083239079 
1627080089 
361186846 
1639290071 
515327026 
1223457612 
323801149 
6876130618 
1671291671 
370781201 
2766324011 
2363990796 
2280181874 
1297573181 
4654468816 
2411960862 
491615490 
2083665705 
217709349 
242451179 
2780399046 
2434744173 
1474908216 
1716851699 
1430915635 
2832710376 
2742282864 
302879999 
281072353 
284902725 
2189154873 
779408418 
334523584 
2530049867 
1047618864 
790808890 
2581034639 
1002306509 
433567266 
1559302946 
2255842994 
3246201315 
637693727 
678018652 
959617319 
4202865553 
3112438138 
2257839573 
935634623 
1715555884 
875107363 
1553825119 
774472364 
1159805479 
201846977 
1193503461 
3077142484 
1072660034 
3613294748 
780334555 
2626471944 
1131167039 
283548783 
2156433346 
639031201 
639951143 
681429309 
557651680 
72879172 
7734087998 
1105556426 
1500249232 
553689443 
1467016730 
821446856 
1680398814 
1440362675 
1463438701 
1166531883 
915631274 
339272700 
146905447 
1034633693 
984022362 
244130751 
1810401734 
119922907 
1326470104 
1066769339 
1334004947 
984655755 
4553667700 
2616125839 
1445565113 
999858822 
1171389276 
1908060298 
1995376390 
1752394940 
1262563079 
668381751 
1402541287 
4024714771 
984425869 
1545777919 
3172557242 
1122061456 
624110584 
2310648819 
1436628023 
3445473621 
1022069440 
1055437624 
1313597351 
2022046206 
1121996666 
662713944 
6427652267 
483609418 
190745429 
1018944474 
1593343123 
1924939912 
998669530 
1226659324 
1956688836 
847016799 
464290425 
589733624 
962953763 
283103516 
947570390 
1134811477 
716288608 
2019063203 
1232019991 
83632020 
2255663820 
1579083330 
1084563745 
919379514 
764770150 
265798979 
3555900725 
454522271 
874902345 
572574377 
1579658518 
528338344 
4095467661 
488323902 
2475604046 
648162120 
272169100 
887302379 
371997698 
4304462022 
1737441926 
2545659684 
1344812216 
365342682 
515973705 
2241375983 
1648364082 
1290858957 
1397015590 
1891532845 
938410692 
1719813877 
362941128 
1338447093 
1677473327 
3179272106 
929988111 
4628022707 
4179633322 
1004644079 
1884290151 
2211495500 
776338848 
822855198 
284260465 
1071739999 
1878659860 
491389089 
682028328 
336178626 
2599170481 
874060622 
281106951 
853629741 
373390489 
745952091 
165686330 
1476004753 
1214751253 
1658105983 
4668452749 
1961191842 
2802270004 
2648586364 
