0 1 253425855 852768081 809211242 640795870 794423576 345278107 932916220 718059726 809354250 483785167 802678902 611705730 319241644 682095639 109154600 248177886 720821486 429976487 268010062 508430652 350490336 383984170 858853088 862183003 168022920 325894688 302945828 157225371 688449374 276542455 657420457 807729463 108132810 710175175 896884630 442202844 936340090 346388806 614343999 462517008 67344602 567692389 286558735 343474061 313842954 918474824 203182981 296843754 
0 0 1 308708733 222304711 73734706 581072522 167777121 580153128 121621920 448223663 917958765 325194839 399150548 77698910 688812373 490695085 283525111 543569926 75951136 432474677 31885675 552043679 439105241 124024817 571093403 770119362 782133528 331436627 480558717 870880 417224904 593868876 261219800 986185303 907242766 979610103 736067088 668512672 122677698 257845964 955877387 429446270 862254217 900902909 463796927 162335479 941803037 110630601 137144050 
0 0 0 1 308708733 186101009 49744443 961221816 618306353 29690029 580114463 167139933 118618217 435518158 186665846 621420422 627768212 72792340 51707551 778349943 145819492 518194746 679787069 121438015 912161930 594738896 211166969 841011494 116794629 126642028 440009259 437893367 766175903 231308234 817689168 362295557 35041320 265678569 907969187 696837887 420504338 420246262 178404375 962980880 358684385 249136051 134651437 842092517 391227580 750826080 
0 0 0 0 1 308708733 186101009 851259022 909631182 543120367 585792815 122638723 474830856 102439355 220839456 78772997 811518991 990205396 656386210 263215165 891992586 710400329 663447744 928153835 784157879 798698940 714723613 871566725 524495237 515072 298959560 230933478 968838317 716178523 546545321 215960642 751780290 737743443 109042001 138833246 529941583 261106921 709638421 374288665 287900438 875329034 182308475 146801926 591510915 41927799 
0 0 0 0 0 1 308708733 186101009 851259022 181945790 90383588 537077917 261622728 945043338 447869391 306471979 742754237 160739699 420927535 75504920 857512968 786363626 792613618 376904461 276929842 56021128 803558407 485274922 40302283 702148004 63713113 671370030 294835605 355739778 741089576 246350350 549633227 672133070 202460041 115075780 680075596 426511816 29787517 361219604 356346436 875103568 242524300 552676788 212294362 395660009 
0 0 0 0 0 0 1 308708733 186101009 851259022 181945790 454876809 347853780 852575713 902105202 318997668 695230212 763967377 534752285 815947814 893047871 186988967 124343263 888807273 406937169 624194405 658619479 888535278 664598243 873741709 290005895 83474307 243806378 31597756 425250382 231638519 203719689 544011395 473749262 259289562 986927772 751529422 230314126 530017887 736608073 264769427 68455508 910138606 822621561 204485256 
0 0 0 0 0 0 0 1 308708733 186101009 851259022 181945790 454876809 239527742 891818730 858826076 879645418 392555687 837973838 841662959 615826661 266983061 782088046 96201724 908125763 111824560 403282989 138738875 96767327 50603037 393499194 54620618 601451259 200652090 453662934 810750025 225308534 726767422 613246462 955483194 781264759 749090451 159603776 507769849 815272191 776199921 926333485 320167591 685854182 564204061 
0 0 0 0 0 0 0 0 1 308708733 186101009 851259022 181945790 454876809 239527742 816886589 421840043 209724832 970812043 544891155 282787124 782852683 410039638 474993075 847740559 779258115 848290461 548219663 713347339 172510321 87190820 498959532 592408864 283319681 755461159 719614081 671664062 908055161 351079985 445568786 901895688 81501019 637110800 475573933 157917350 838448660 150056656 163488596 951283840 6699055 
0 0 0 0 0 0 0 0 0 1 308708733 186101009 851259022 181945790 454876809 239527742 816886589 825726346 53078692 873506463 22904647 39616232 407564943 730082466 737128328 532204034 562946344 422293141 757270192 740844430 43107628 724313705 635115670 862477601 797511491 210485320 357258395 132565931 729193631 409630769 292584371 896785739 662496485 560266835 87190835 912153726 322507743 691758398 527655363 131743504 
0 0 0 0 0 0 0 0 0 0 1 308708733 186101009 851259022 181945790 454876809 239527742 816886589 825726346 230352966 125764643 531083763 892011733 805968942 437356921 581430528 582129443 884803519 467569208 549896087 162952304 619007123 285813340 209071567 61692227 686729577 248963220 977248440 171488203 468484603 706763684 960638019 812753401 333466407 781057580 239660508 21285894 822017815 678307095 530474292 
0 0 0 0 0 0 0 0 0 0 0 1 308708733 186101009 851259022 181945790 454876809 239527742 816886589 825726346 230352966 527396562 462655601 570577127 29161370 192927633 932121300 972098565 585687902 137779419 261719956 35445620 214556167 194261181 208803742 85112703 745608064 279288769 709986220 310754494 933259104 212563371 553852341 582103510 172522896 81255512 324007079 606564330 271554144 471723880 
0 0 0 0 0 0 0 0 0 0 0 0 1 308708733 186101009 851259022 181945790 454876809 239527742 816886589 825726346 230352966 527396562 80387338 447952567 543998090 798309207 867536181 589765448 361865375 553247928 86146043 191300417 765153211 693424762 794608535 845938782 306483912 938752054 825083591 176843153 275949167 51352712 961426833 604153366 837989291 758992395 690764119 123992782 937076265 
0 0 0 0 0 0 0 0 0 0 0 0 0 1 308708733 186101009 851259022 181945790 454876809 239527742 816886589 825726346 230352966 527396562 80387338 285111852 872458857 653013819 738930486 874626225 720901019 51242381 363563599 512734950 612228420 48463259 947883861 181659994 248929456 823934025 981387873 42556942 128301857 688581676 937289128 939161429 293683030 858698422 32445413 205047451 
0 0 0 0 0 0 0 0 0 0 0 0 0 0 1 308708733 186101009 851259022 181945790 454876809 239527742 816886589 825726346 230352966 527396562 80387338 285111852 688904588 460227632 824637937 30731308 991877262 961007135 388628634 201196129 514881561 742863798 907374986 547063024 744939113 869560827 677992298 476010857 652271778 184025105 125247696 951155371 243803155 501573908 71749470 
0 0 0 0 0 0 0 0 0 0 0 0 0 0 0 1 308708733 186101009 851259022 181945790 454876809 239527742 816886589 825726346 230352966 527396562 80387338 285111852 688904588 553800324 391074450 369115218 103966662 622197912 105317964 17967009 873934658 545016874 991801145 898008774 400898001 305441235 456558401 911707962 207398748 515361901 775789326 385953090 936216467 708657482 
0 0 0 0 0 0 0 0 0 0 0 0 0 0 0 0 1 308708733 186101009 851259022 181945790 454876809 239527742 816886589 825726346 230352966 527396562 80387338 285111852 688904588 553800324 474541569 149420001 931090854 852680143 228070675 595888598 553962037 151023434 754964416 645252841 395103165 487959589 705496497 711443121 695063953 34601393 930394831 712203045 513223117 
0 0 0 0 0 0 0 0 0 0 0 0 0 0 0 0 0 1 308708733 186101009 851259022 181945790 454876809 239527742 816886589 825726346 230352966 527396562 80387338 285111852 688904588 553800324 474541569 565281578 667871575 49556237 766593478 968928422 152392206 412806826 827515098 100248068 547137247 73420806 558034262 377286741 272595090 595093743 534119030 593690541 
0 0 0 0 0 0 0 0 0 0 0 0 0 0 0 0 0 0 1 308708733 186101009 851259022 181945790 454876809 239527742 816886589 825726346 230352966 527396562 80387338 285111852 688904588 553800324 474541569 565281578 877124996 557764881 367446263 650911244 347162585 281170256 732713900 601989113 731865195 786741202 25260809 477782667 307362875 877929813 866698952 
0 0 0 0 0 0 0 0 0 0 0 0 0 0 0 0 0 0 0 1 308708733 186101009 851259022 181945790 454876809 239527742 816886589 825726346 230352966 527396562 80387338 285111852 688904588 553800324 474541569 565281578 877124996 946877769 201714197 438798431 110509916 872140306 75703703 722458673 257579805 88096676 617785439 185217321 828727171 281919586 
0 0 0 0 0 0 0 0 0 0 0 0 0 0 0 0 0 0 0 0 1 308708733 186101009 851259022 181945790 454876809 239527742 816886589 825726346 230352966 527396562 80387338 285111852 688904588 553800324 474541569 565281578 877124996 946877769 293509345 61915634 606727527 964554816 233249608 745222423 577372468 374554500 935085309 512280610 368814365 
0 0 0 0 0 0 0 0 0 0 0 0 0 0 0 0 0 0 0 0 0 1 308708733 186101009 851259022 181945790 454876809 239527742 816886589 825726346 230352966 527396562 80387338 285111852 688904588 553800324 474541569 565281578 877124996 946877769 293509345 141685542 384284374 141625985 901553268 216120670 818017242 637859695 609769985 536225118 
0 0 0 0 0 0 0 0 0 0 0 0 0 0 0 0 0 0 0 0 0 0 1 308708733 186101009 851259022 181945790 454876809 239527742 816886589 825726346 230352966 527396562 80387338 285111852 688904588 553800324 474541569 565281578 877124996 946877769 293509345 141685542 51731524 438010059 565157880 660197337 256344463 468982521 812397172 
0 0 0 0 0 0 0 0 0 0 0 0 0 0 0 0 0 0 0 0 0 0 0 1 308708733 186101009 851259022 181945790 454876809 239527742 816886589 825726346 230352966 527396562 80387338 285111852 688904588 553800324 474541569 565281578 877124996 946877769 293509345 141685542 51731524 261127567 502097070 937014766 142254308 365960340 
0 0 0 0 0 0 0 0 0 0 0 0 0 0 0 0 0 0 0 0 0 0 0 0 1 308708733 186101009 851259022 181945790 454876809 239527742 816886589 825726346 230352966 527396562 80387338 285111852 688904588 553800324 474541569 565281578 877124996 946877769 293509345 141685542 51731524 261127567 414332523 709974733 823019228 
0 0 0 0 0 0 0 0 0 0 0 0 0 0 0 0 0 0 0 0 0 0 0 0 0 1 308708733 186101009 851259022 181945790 454876809 239527742 816886589 825726346 230352966 527396562 80387338 285111852 688904588 553800324 474541569 565281578 877124996 946877769 293509345 141685542 51731524 261127567 414332523 540358580 
0 0 0 0 0 0 0 0 0 0 0 0 0 0 0 0 0 0 0 0 0 0 0 0 0 0 1 308708733 186101009 851259022 181945790 454876809 239527742 816886589 825726346 230352966 527396562 80387338 285111852 688904588 553800324 474541569 565281578 877124996 946877769 293509345 141685542 51731524 261127567 954691103 
0 0 0 0 0 0 0 0 0 0 0 0 0 0 0 0 0 0 0 0 0 0 0 0 0 0 0 1 308708733 186101009 851259022 181945790 454876809 239527742 816886589 825726346 230352966 527396562 80387338 285111852 688904588 553800324 474541569 565281578 877124996 946877769 293509345 141685542 51731524 223183289 
0 0 0 0 0 0 0 0 0 0 0 0 0 0 0 0 0 0 0 0 0 0 0 0 0 0 0 0 1 308708733 186101009 851259022 181945790 454876809 239527742 816886589 825726346 230352966 527396562 80387338 285111852 688904588 553800324 474541569 565281578 877124996 946877769 293509345 141685542 274914813 
0 0 0 0 0 0 0 0 0 0 0 0 0 0 0 0 0 0 0 0 0 0 0 0 0 0 0 0 0 1 308708733 186101009 851259022 181945790 454876809 239527742 816886589 825726346 230352966 527396562 80387338 285111852 688904588 553800324 474541569 565281578 877124996 946877769 293509345 416600355 
0 0 0 0 0 0 0 0 0 0 0 0 0 0 0 0 0 0 0 0 0 0 0 0 0 0 0 0 0 0 1 308708733 186101009 851259022 181945790 454876809 239527742 816886589 825726346 230352966 527396562 80387338 285111852 688904588 553800324 474541569 565281578 877124996 946877769 710109700 
0 0 0 0 0 0 0 0 0 0 0 0 0 0 0 0 0 0 0 0 0 0 0 0 0 0 0 0 0 0 0 1 308708733 186101009 851259022 181945790 454876809 239527742 816886589 825726346 230352966 527396562 80387338 285111852 688904588 553800324 474541569 565281578 877124996 664352088 
0 0 0 0 0 0 0 0 0 0 0 0 0 0 0 0 0 0 0 0 0 0 0 0 0 0 0 0 0 0 0 0 1 308708733 186101009 851259022 181945790 454876809 239527742 816886589 825726346 230352966 527396562 80387338 285111852 688904588 553800324 474541569 565281578 548841703 
0 0 0 0 0 0 0 0 0 0 0 0 0 0 0 0 0 0 0 0 0 0 0 0 0 0 0 0 0 0 0 0 0 1 308708733 186101009 851259022 181945790 454876809 239527742 816886589 825726346 230352966 527396562 80387338 285111852 688904588 553800324 474541569 121487900 
0 0 0 0 0 0 0 0 0 0 0 0 0 0 0 0 0 0 0 0 0 0 0 0 0 0 0 0 0 0 0 0 0 0 1 308708733 186101009 851259022 181945790 454876809 239527742 816886589 825726346 230352966 527396562 80387338 285111852 688904588 553800324 596029469 
0 0 0 0 0 0 0 0 0 0 0 0 0 0 0 0 0 0 0 0 0 0 0 0 0 0 0 0 0 0 0 0 0 0 0 1 308708733 186101009 851259022 181945790 454876809 239527742 816886589 825726346 230352966 527396562 80387338 285111852 688904588 157194412 
0 0 0 0 0 0 0 0 0 0 0 0 0 0 0 0 0 0 0 0 0 0 0 0 0 0 0 0 0 0 0 0 0 0 0 0 1 308708733 186101009 851259022 181945790 454876809 239527742 816886589 825726346 230352966 527396562 80387338 285111852 846099000 
0 0 0 0 0 0 0 0 0 0 0 0 0 0 0 0 0 0 0 0 0 0 0 0 0 0 0 0 0 0 0 0 0 0 0 0 0 1 308708733 186101009 851259022 181945790 454876809 239527742 816886589 825726346 230352966 527396562 80387338 138575471 
0 0 0 0 0 0 0 0 0 0 0 0 0 0 0 0 0 0 0 0 0 0 0 0 0 0 0 0 0 0 0 0 0 0 0 0 0 0 1 308708733 186101009 851259022 181945790 454876809 239527742 816886589 825726346 230352966 527396562 218962809 
0 0 0 0 0 0 0 0 0 0 0 0 0 0 0 0 0 0 0 0 0 0 0 0 0 0 0 0 0 0 0 0 0 0 0 0 0 0 0 1 308708733 186101009 851259022 181945790 454876809 239527742 816886589 825726346 230352966 746359371 
0 0 0 0 0 0 0 0 0 0 0 0 0 0 0 0 0 0 0 0 0 0 0 0 0 0 0 0 0 0 0 0 0 0 0 0 0 0 0 0 1 308708733 186101009 851259022 181945790 454876809 239527742 816886589 825726346 976712337 
0 0 0 0 0 0 0 0 0 0 0 0 0 0 0 0 0 0 0 0 0 0 0 0 0 0 0 0 0 0 0 0 0 0 0 0 0 0 0 0 0 1 308708733 186101009 851259022 181945790 454876809 239527742 816886589 809803302 
0 0 0 0 0 0 0 0 0 0 0 0 0 0 0 0 0 0 0 0 0 0 0 0 0 0 0 0 0 0 0 0 0 0 0 0 0 0 0 0 0 0 1 308708733 186101009 851259022 181945790 454876809 239527742 634054510 
0 0 0 0 0 0 0 0 0 0 0 0 0 0 0 0 0 0 0 0 0 0 0 0 0 0 0 0 0 0 0 0 0 0 0 0 0 0 0 0 0 0 0 1 308708733 186101009 851259022 181945790 454876809 873582252 
0 0 0 0 0 0 0 0 0 0 0 0 0 0 0 0 0 0 0 0 0 0 0 0 0 0 0 0 0 0 0 0 0 0 0 0 0 0 0 0 0 0 0 0 1 308708733 186101009 851259022 181945790 335823680 
0 0 0 0 0 0 0 0 0 0 0 0 0 0 0 0 0 0 0 0 0 0 0 0 0 0 0 0 0 0 0 0 0 0 0 0 0 0 0 0 0 0 0 0 0 1 308708733 186101009 851259022 517769470 
0 0 0 0 0 0 0 0 0 0 0 0 0 0 0 0 0 0 0 0 0 0 0 0 0 0 0 0 0 0 0 0 0 0 0 0 0 0 0 0 0 0 0 0 0 0 1 308708733 186101009 376393111 
0 0 0 0 0 0 0 0 0 0 0 0 0 0 0 0 0 0 0 0 0 0 0 0 0 0 0 0 0 0 0 0 0 0 0 0 0 0 0 0 0 0 0 0 0 0 0 1 308708733 562494120 
0 0 0 0 0 0 0 0 0 0 0 0 0 0 0 0 0 0 0 0 0 0 0 0 0 0 0 0 0 0 0 0 0 0 0 0 0 0 0 0 0 0 0 0 0 0 0 0 1 871202853 
0 0 0 0 0 0 0 0 0 0 0 0 0 0 0 0 0 0 0 0 0 0 0 0 0 0 0 0 0 0 0 0 0 0 0 0 0 0 0 0 0 0 0 0 0 0 0 0 0 871202854 
0 0 0 0 0 0 0 0 0 0 0 0 0 0 0 0 0 0 0 0 0 0 0 0 0 0 0 0 0 0 0 0 0 0 0 0 0 0 0 0 0 0 0 0 0 0 0 0 0 871202854 
