0 1 270142554 674039219 481931252 871552184 160909473 494870787 368557966 398153744 368156694 189079166 699454192 158195104 209150649 893235735 367468073 503533651 203979504 242669038 260979052 126976787 680942898 332982195 836741115 62604673 783161446 680051820 541376420 362803459 183094376 828185574 415012264 820144510 411080463 811446182 246886615 734680624 83737037 465274633 161759637 548069598 253488802 450234012 773052485 30094681 454270626 137905914 634740035 
0 0 1 34371066 820685838 453136270 58521464 464026907 128215848 923506642 174036990 929916660 852711583 493496806 752253355 335642432 555829554 347020860 902604989 659916879 314967141 561201037 814385297 725359387 59349682 699040130 480626089 672569591 499514714 441378685 643068595 329099927 911739325 908680843 9156394 311541909 878246741 355530516 119605490 563090324 432448573 805944888 795908505 370040763 709606912 810006087 739621998 47374309 502335839 
0 0 0 1 34371066 7202449 822917344 886953183 842871862 644999644 385893273 691946223 221551153 12048561 706978339 33178495 179413952 317601681 812603466 817782388 798734791 696089804 122497263 730440279 496129678 430509269 920711248 653963317 627933256 328824452 701868299 745021916 443119645 487147119 17227553 285180813 596145318 472585921 33455791 844406221 63399632 370630396 538801608 380442544 358938729 696285239 135678912 592760782 612233273 
0 0 0 0 1 34371066 7202449 841999991 150997436 879992235 923428317 929849268 128717597 638158411 432549606 827074532 233250078 270316311 208136087 335814824 199117280 573536495 18385504 213402208 185258083 590134161 877780205 649780308 183230801 118747596 619558442 81178591 249536082 595845671 545161754 676926700 287022301 471911883 116913108 286377250 432338462 316959366 763227934 895265936 238412548 431017759 868080712 563096418 844175923 
0 0 0 0 0 1 34371066 7202449 841999991 393569812 250152526 159482751 183712179 613379775 255188669 681516876 691327221 615608153 482388706 732912119 554558400 379088346 705160696 768186205 639203502 603277647 658759004 327727972 472853241 743767931 177658373 61379361 574371949 463679727 813954778 601042873 165176032 815105059 912933160 239964290 876542655 91009263 676113852 693965478 826794782 180212566 598351805 641415421 394409486 
0 0 0 0 0 0 1 34371066 7202449 841999991 393569812 468674075 658902958 86594494 380182050 891249483 428904684 72539218 300793354 631801881 348279261 54591391 100323101 523285842 474555040 562407253 333465507 616236742 415421117 161416281 662877679 863317258 568349004 835775040 310412133 746689604 190930788 160041566 763477655 899239573 735244300 363728030 920657880 513572145 723916194 102683304 908836408 834388643 775952664 
0 0 0 0 0 0 0 1 34371066 7202449 841999991 393569812 468674075 398833217 884651659 44473020 100611580 195118834 780955045 825445510 171490934 835813831 712876163 824150858 793017290 216833946 186176347 160470540 321082698 793264371 784719422 537862172 107163218 407436899 44724635 122645215 24568528 118684282 791572302 522291359 47093105 518922532 211523344 238675837 559399912 147145310 548374836 135478554 144396075 
0 0 0 0 0 0 0 0 1 34371066 7202449 841999991 393569812 468674075 398833217 906139685 835406760 648003754 334451542 59342680 572134551 751381815 594641318 518857409 292170035 223712902 825865760 839606507 583858848 422970056 288217212 115180421 848671228 127465126 188093290 89093345 154305759 674769198 31835383 516296949 305980340 641278743 147702919 768994696 187271825 341249974 747052752 385137619 757208220 
0 0 0 0 0 0 0 0 0 1 34371066 7202449 841999991 393569812 468674075 398833217 906139685 520738487 108585961 856211552 338520776 267856899 702741123 254562737 274757244 818265855 274418661 747279051 869028585 501359121 239136060 719312534 664602467 809994907 910427591 884153445 180386135 248906797 170808899 453909163 132598984 526313121 472439336 674359063 11609145 375236935 495040774 89279606 225367922 
0 0 0 0 0 0 0 0 0 0 1 34371066 7202449 841999991 393569812 468674075 398833217 906139685 520738487 189421266 232672692 794991626 375435096 436365958 209916574 330703845 707829399 682880277 588424059 112673653 280476075 275137614 388996959 496050849 689814351 90389071 176304421 337011784 360856886 715924172 316234022 190378003 723139262 816255539 622950835 709152556 178288113 20394575 383162459 
0 0 0 0 0 0 0 0 0 0 0 1 34371066 7202449 841999991 393569812 468674075 398833217 906139685 520738487 189421266 177722483 883826377 814573814 910959780 59975088 280643490 636354295 832311446 266128078 429774323 856934300 341322568 221365769 768599450 880977305 19591362 320190231 331257715 532999975 63711397 492666814 107655513 113289662 338115001 339294398 772463819 283500940 166605332 
0 0 0 0 0 0 0 0 0 0 0 0 1 34371066 7202449 841999991 393569812 468674075 398833217 906139685 520738487 189421266 177722483 83756143 436734956 603930228 659657874 776254920 34739167 312808952 400408354 522934075 117863219 573368736 923139342 258941640 238902719 927882366 242330260 631484844 749629016 857682390 741420121 190959765 551585304 471584546 812686722 374536578 502485234 
0 0 0 0 0 0 0 0 0 0 0 0 0 1 34371066 7202449 841999991 393569812 468674075 398833217 906139685 520738487 189421266 177722483 83756143 891753896 591121413 897131339 730495456 327812142 323089886 348799567 723175826 711406873 73219236 425583236 811657225 310234174 447181621 32507361 842487462 275539042 753534135 227971166 310581409 854754220 427360797 516415762 127518855 
0 0 0 0 0 0 0 0 0 0 0 0 0 0 1 34371066 7202449 841999991 393569812 468674075 398833217 906139685 520738487 189421266 177722483 83756143 891753896 447636583 726259386 316750108 501462169 651476434 612374503 223004306 168585377 811003814 142013438 74384528 542672886 562449219 636579193 756596796 761800102 222349382 189107419 544821336 818381898 93719212 353530885 
0 0 0 0 0 0 0 0 0 0 0 0 0 0 0 1 34371066 7202449 841999991 393569812 468674075 398833217 906139685 520738487 189421266 177722483 83756143 891753896 447636583 519818085 426447432 549295491 450303842 327781146 221229760 570124136 421453651 575415979 900602955 782354914 730149084 196294544 101120657 41172284 336848864 201790045 144675351 383010429 896814513 
0 0 0 0 0 0 0 0 0 0 0 0 0 0 0 0 1 34371066 7202449 841999991 393569812 468674075 398833217 906139685 520738487 189421266 177722483 83756143 891753896 447636583 519818085 79003372 91671324 777527195 772125858 400590825 193489509 915939885 781458690 185405702 421745884 474668572 105803452 46601030 785259012 584527476 721775249 911002113 8289929 
0 0 0 0 0 0 0 0 0 0 0 0 0 0 0 0 0 1 34371066 7202449 841999991 393569812 468674075 398833217 906139685 520738487 189421266 177722483 83756143 891753896 447636583 519818085 79003372 928597814 913768345 862056088 97570162 433825980 334026554 70932848 637590587 635760465 238158314 475820092 343223109 733020148 524589264 794530812 154411123 
0 0 0 0 0 0 0 0 0 0 0 0 0 0 0 0 0 0 1 34371066 7202449 841999991 393569812 468674075 398833217 906139685 520738487 189421266 177722483 83756143 891753896 447636583 519818085 79003372 928597814 852712907 690567260 489987955 460189499 914742429 925121664 352403577 105469396 803349509 677319460 492018987 378364081 576646123 463010273 
0 0 0 0 0 0 0 0 0 0 0 0 0 0 0 0 0 0 0 1 34371066 7202449 841999991 393569812 468674075 398833217 906139685 520738487 189421266 177722483 83756143 891753896 447636583 519818085 79003372 928597814 852712907 194520431 96312140 38702318 426477547 153213792 352634381 131299506 92554615 59924794 809858067 445921702 797294004 
0 0 0 0 0 0 0 0 0 0 0 0 0 0 0 0 0 0 0 0 1 34371066 7202449 841999991 393569812 468674075 398833217 906139685 520738487 189421266 177722483 83756143 891753896 447636583 519818085 79003372 928597814 852712907 194520431 377229317 434503552 675494433 468055431 331868696 423152716 43093723 796886134 345312883 441215210 
0 0 0 0 0 0 0 0 0 0 0 0 0 0 0 0 0 0 0 0 0 1 34371066 7202449 841999991 393569812 468674075 398833217 906139685 520738487 189421266 177722483 83756143 891753896 447636583 519818085 79003372 928597814 852712907 194520431 377229317 303027715 440934917 540953807 921537210 379748806 877992038 855543011 572464503 
0 0 0 0 0 0 0 0 0 0 0 0 0 0 0 0 0 0 0 0 0 0 1 34371066 7202449 841999991 393569812 468674075 398833217 906139685 520738487 189421266 177722483 83756143 891753896 447636583 519818085 79003372 928597814 852712907 194520431 377229317 303027715 710537439 431268658 166719211 864498610 446171139 104740777 
0 0 0 0 0 0 0 0 0 0 0 0 0 0 0 0 0 0 0 0 0 0 0 1 34371066 7202449 841999991 393569812 468674075 398833217 906139685 520738487 189421266 177722483 83756143 891753896 447636583 519818085 79003372 928597814 852712907 194520431 377229317 303027715 710537439 753463110 337212431 866951848 55771006 
0 0 0 0 0 0 0 0 0 0 0 0 0 0 0 0 0 0 0 0 0 0 0 0 1 34371066 7202449 841999991 393569812 468674075 398833217 906139685 520738487 189421266 177722483 83756143 891753896 447636583 519818085 79003372 928597814 852712907 194520431 377229317 303027715 710537439 753463110 133080043 194236013 
0 0 0 0 0 0 0 0 0 0 0 0 0 0 0 0 0 0 0 0 0 0 0 0 0 1 34371066 7202449 841999991 393569812 468674075 398833217 906139685 520738487 189421266 177722483 83756143 891753896 447636583 519818085 79003372 928597814 852712907 194520431 377229317 303027715 710537439 753463110 327316056 
0 0 0 0 0 0 0 0 0 0 0 0 0 0 0 0 0 0 0 0 0 0 0 0 0 0 1 34371066 7202449 841999991 393569812 468674075 398833217 906139685 520738487 189421266 177722483 83756143 891753896 447636583 519818085 79003372 928597814 852712907 194520431 377229317 303027715 710537439 148159937 
0 0 0 0 0 0 0 0 0 0 0 0 0 0 0 0 0 0 0 0 0 0 0 0 0 0 0 1 34371066 7202449 841999991 393569812 468674075 398833217 906139685 520738487 189421266 177722483 83756143 891753896 447636583 519818085 79003372 928597814 852712907 194520431 377229317 303027715 858697376 
0 0 0 0 0 0 0 0 0 0 0 0 0 0 0 0 0 0 0 0 0 0 0 0 0 0 0 0 1 34371066 7202449 841999991 393569812 468674075 398833217 906139685 520738487 189421266 177722483 83756143 891753896 447636583 519818085 79003372 928597814 852712907 194520431 377229317 229105862 
0 0 0 0 0 0 0 0 0 0 0 0 0 0 0 0 0 0 0 0 0 0 0 0 0 0 0 0 0 1 34371066 7202449 841999991 393569812 468674075 398833217 906139685 520738487 189421266 177722483 83756143 891753896 447636583 519818085 79003372 928597814 852712907 194520431 606335179 
0 0 0 0 0 0 0 0 0 0 0 0 0 0 0 0 0 0 0 0 0 0 0 0 0 0 0 0 0 0 1 34371066 7202449 841999991 393569812 468674075 398833217 906139685 520738487 189421266 177722483 83756143 891753896 447636583 519818085 79003372 928597814 852712907 800855610 
0 0 0 0 0 0 0 0 0 0 0 0 0 0 0 0 0 0 0 0 0 0 0 0 0 0 0 0 0 0 0 1 34371066 7202449 841999991 393569812 468674075 398833217 906139685 520738487 189421266 177722483 83756143 891753896 447636583 519818085 79003372 928597814 720949288 
0 0 0 0 0 0 0 0 0 0 0 0 0 0 0 0 0 0 0 0 0 0 0 0 0 0 0 0 0 0 0 0 1 34371066 7202449 841999991 393569812 468674075 398833217 906139685 520738487 189421266 177722483 83756143 891753896 447636583 519818085 79003372 716927873 
0 0 0 0 0 0 0 0 0 0 0 0 0 0 0 0 0 0 0 0 0 0 0 0 0 0 0 0 0 0 0 0 0 1 34371066 7202449 841999991 393569812 468674075 398833217 906139685 520738487 189421266 177722483 83756143 891753896 447636583 519818085 795931245 
0 0 0 0 0 0 0 0 0 0 0 0 0 0 0 0 0 0 0 0 0 0 0 0 0 0 0 0 0 0 0 0 0 0 1 34371066 7202449 841999991 393569812 468674075 398833217 906139685 520738487 189421266 177722483 83756143 891753896 447636583 383130101 
0 0 0 0 0 0 0 0 0 0 0 0 0 0 0 0 0 0 0 0 0 0 0 0 0 0 0 0 0 0 0 0 0 0 0 1 34371066 7202449 841999991 393569812 468674075 398833217 906139685 520738487 189421266 177722483 83756143 891753896 830766684 
0 0 0 0 0 0 0 0 0 0 0 0 0 0 0 0 0 0 0 0 0 0 0 0 0 0 0 0 0 0 0 0 0 0 0 0 1 34371066 7202449 841999991 393569812 468674075 398833217 906139685 520738487 189421266 177722483 83756143 789901351 
0 0 0 0 0 0 0 0 0 0 0 0 0 0 0 0 0 0 0 0 0 0 0 0 0 0 0 0 0 0 0 0 0 0 0 0 0 1 34371066 7202449 841999991 393569812 468674075 398833217 906139685 520738487 189421266 177722483 873657494 
0 0 0 0 0 0 0 0 0 0 0 0 0 0 0 0 0 0 0 0 0 0 0 0 0 0 0 0 0 0 0 0 0 0 0 0 0 0 1 34371066 7202449 841999991 393569812 468674075 398833217 906139685 520738487 189421266 118760748 
0 0 0 0 0 0 0 0 0 0 0 0 0 0 0 0 0 0 0 0 0 0 0 0 0 0 0 0 0 0 0 0 0 0 0 0 0 0 0 1 34371066 7202449 841999991 393569812 468674075 398833217 906139685 520738487 308182014 
0 0 0 0 0 0 0 0 0 0 0 0 0 0 0 0 0 0 0 0 0 0 0 0 0 0 0 0 0 0 0 0 0 0 0 0 0 0 0 0 1 34371066 7202449 841999991 393569812 468674075 398833217 906139685 828920501 
0 0 0 0 0 0 0 0 0 0 0 0 0 0 0 0 0 0 0 0 0 0 0 0 0 0 0 0 0 0 0 0 0 0 0 0 0 0 0 0 0 1 34371066 7202449 841999991 393569812 468674075 398833217 802440957 
0 0 0 0 0 0 0 0 0 0 0 0 0 0 0 0 0 0 0 0 0 0 0 0 0 0 0 0 0 0 0 0 0 0 0 0 0 0 0 0 0 0 1 34371066 7202449 841999991 393569812 468674075 268654945 
0 0 0 0 0 0 0 0 0 0 0 0 0 0 0 0 0 0 0 0 0 0 0 0 0 0 0 0 0 0 0 0 0 0 0 0 0 0 0 0 0 0 0 1 34371066 7202449 841999991 393569812 737329020 
0 0 0 0 0 0 0 0 0 0 0 0 0 0 0 0 0 0 0 0 0 0 0 0 0 0 0 0 0 0 0 0 0 0 0 0 0 0 0 0 0 0 0 0 1 34371066 7202449 841999991 198279603 
0 0 0 0 0 0 0 0 0 0 0 0 0 0 0 0 0 0 0 0 0 0 0 0 0 0 0 0 0 0 0 0 0 0 0 0 0 0 0 0 0 0 0 0 0 1 34371066 7202449 107660365 
0 0 0 0 0 0 0 0 0 0 0 0 0 0 0 0 0 0 0 0 0 0 0 0 0 0 0 0 0 0 0 0 0 0 0 0 0 0 0 0 0 0 0 0 0 0 1 34371066 114862814 
0 0 0 0 0 0 0 0 0 0 0 0 0 0 0 0 0 0 0 0 0 0 0 0 0 0 0 0 0 0 0 0 0 0 0 0 0 0 0 0 0 0 0 0 0 0 0 1 149233880 
0 0 0 0 0 0 0 0 0 0 0 0 0 0 0 0 0 0 0 0 0 0 0 0 0 0 0 0 0 0 0 0 0 0 0 0 0 0 0 0 0 0 0 0 0 0 0 0 149233881 
0 0 0 0 0 0 0 0 0 0 0 0 0 0 0 0 0 0 0 0 0 0 0 0 0 0 0 0 0 0 0 0 0 0 0 0 0 0 0 0 0 0 0 0 0 0 0 0 149233881 
