0 1 310328804 294980678 365437294 200660137 395421648 61872119 466968891 3522622 327853984 173660946 458028044 297797149 342416231 266195608 320148543 370440828 258981715 364529815 459374107 22440616 246806181 397238936 26360731 433651520 90433318 140566742 38902952 281229233 178500662 558639261 558452952 554173136 534103538 386645459 310360859 262656623 69312747 569459517 8516235 560983890 245050593 340546483 301180468 256571342 201665368 552984129 285134459 285693331 490860221 155416793 136006842 34343220 176549484 489030078 493870708 232981383 348237107 516680451 152148137 430095253 531323567 88822340 24224229 
0 0 1 200870921 13354985 300751222 407369902 347584118 373804480 299295769 374055677 306062306 368856166 447978451 498029226 194345671 74413460 414397365 482590240 317737271 118834000 125857379 276696318 505809860 333262332 196874225 98507263 382765752 299787552 258748000 494130140 208641979 496819546 564060905 327196831 401068080 459251674 130724815 61217154 436626481 336270278 523398549 106700319 252600648 389226570 198767259 320841830 134310892 459364151 432811020 6674128 432542849 354674404 111017683 537164128 536508651 65690529 485106002 76734785 223663550 452028179 517591507 482388673 344147812 499021923 
0 0 0 1 200870921 540147981 278346410 506249920 21966626 188621140 151335122 550161905 33025639 241780392 443628344 287465750 320797640 208222717 277256636 426664828 544960837 278240742 20864 112338075 221754710 96445645 452171776 141161342 557296213 252727772 53771818 217570331 428598647 141908384 388422835 466112906 236592598 85264926 187634139 190690034 303622416 393954873 296492294 473754124 251807341 234109744 181655419 199610513 104339197 463523949 536236163 244715486 291083838 402196115 454177765 399244385 419847975 444180927 95603519 196363016 68020598 249662224 265328378 77856670 249626396 
0 0 0 0 1 200870921 540147981 135822327 305877088 114384285 216970699 449338389 99200241 569662540 563840573 114647834 183682743 9097774 37978406 333068265 140064806 483766071 61400825 365721224 437966574 156847791 187363943 329239906 121986240 132569207 53599476 488264387 321190019 409398558 208616801 374449048 30452613 474057805 455318157 22015924 199452508 322979781 291586059 330352838 532226719 316077032 5636918 143229365 242366321 384855975 528620943 507765392 347974297 297496393 311044608 73990821 503011390 93932084 132265771 33883996 111922096 510771462 4639567 342263408 189861127 
0 0 0 0 0 1 200870921 540147981 135822327 417564093 564547667 298930333 307942407 223672133 128520400 403419541 193117873 41983374 469852380 103210952 539624752 569356346 47208625 464949843 305019844 115711664 503807449 282127862 279591274 305122979 498915602 298866672 457914419 12979979 467593947 556903481 347886663 97934774 477808561 152882059 261903341 85769000 286720284 47349222 266927821 344221184 363370862 340230396 357130830 276162231 465185857 510011311 226540195 569739355 274611904 174550379 568380607 220172136 53442903 46933562 241832303 396435266 227278957 548889226 201795159 
0 0 0 0 0 0 1 200870921 540147981 135822327 417564093 246349800 551343556 259592030 505219067 208829239 280299926 360537975 464698185 194694102 146336068 50665813 328710104 430604610 85693944 532614579 105042419 59276413 2206355 353150038 469584812 101815018 104025983 546406622 24324053 358812540 371584664 391813603 222652459 533073900 72112475 186799531 565460695 501711372 549397704 89071527 40679883 205458636 364155623 120875017 75183271 556876631 41162597 439667984 261498311 331534927 223012083 296694300 429738573 38176063 231685066 501918777 558352903 247777905 513874837 
0 0 0 0 0 0 0 1 200870921 540147981 135822327 417564093 246349800 200163015 83696486 66128552 305122587 563105948 212362722 101083619 448470682 37505298 522825382 368279622 172805417 449159853 355923194 343645207 489172746 457486490 255876028 415535258 21937741 144267484 569458544 325157278 365431445 239083799 155708296 295203075 234911750 356852963 399922281 449573218 369631379 75259595 480415954 497967762 351121369 180882712 334866363 235326835 422026188 277142615 521203671 106665706 398371822 464688084 120534004 154860337 130070767 422541651 249402938 362706902 495018923 
0 0 0 0 0 0 0 0 1 200870921 540147981 135822327 417564093 246349800 200163015 429743720 72500829 397030954 246226064 245801262 436344608 317902442 83522313 28191292 343706483 430293224 199079492 528732675 344697913 546638490 446129821 120303889 437250919 307400877 63329059 177780166 503029187 534397028 140499065 348553625 441000883 137508429 353498664 362000757 76858289 194885594 325487535 466592609 414813345 87905793 247025927 295387940 491330761 515705707 24292366 354385790 447493348 410445565 143158458 163767856 246175097 232417077 9897838 390459678 154664261 
0 0 0 0 0 0 0 0 0 1 200870921 540147981 135822327 417564093 246349800 200163015 429743720 104575132 532562823 233074437 159582373 380427383 215141792 383279760 537314659 271942965 170076929 512996991 346888275 27252928 229589534 308596625 66567495 209176003 366589075 465450185 58899171 412634102 90688483 46540286 80933659 353852085 123668611 474390682 61373140 433515293 255614686 335050161 404689812 425767626 455805901 114888973 408715197 398689081 92948141 397860148 499752735 519662538 263732835 183409261 360241104 59924544 377598675 223684151 280808010 
0 0 0 0 0 0 0 0 0 0 1 200870921 540147981 135822327 417564093 246349800 200163015 429743720 104575132 533744960 38427637 418404253 386598085 175101624 498085385 502250157 468762637 214040401 48140406 408969869 194662480 61248145 127736956 348561050 549460077 221736287 374897585 72540825 64725018 109642633 19407865 329393306 318253357 190279233 439818240 246048190 507635833 408896050 483447164 544477398 534074926 334924503 80442870 394870517 509190320 403840837 60134715 44189355 379835171 364880232 405018029 447921255 17663061 450218642 449328573 
0 0 0 0 0 0 0 0 0 0 0 1 200870921 540147981 135822327 417564093 246349800 200163015 429743720 104575132 533744960 155920552 119395012 214789413 567659189 527958407 120868309 207577121 362262068 347229316 319319420 46916300 185886253 336897870 320664112 303915270 375939071 69880716 15944275 475661179 491040843 186747491 491521619 390317854 364669251 186092763 371863306 117687071 199266795 339715891 565186215 4768849 191062889 209024214 150888023 27029042 427167740 121350662 111818206 44882275 135196924 565978954 252295985 463180193 454513877 
0 0 0 0 0 0 0 0 0 0 0 0 1 200870921 540147981 135822327 417564093 246349800 200163015 429743720 104575132 533744960 155920552 380423921 421388139 59656699 452101983 499309265 386739931 407603769 210856179 445835286 511491159 560133694 330086554 43603621 158334047 398338901 427279165 179949754 334344495 457684416 500431346 322962119 516442497 495866079 21150524 34417948 275804283 287370824 525324391 135397050 370701100 308509086 265535101 344144139 274227319 439884092 221214294 33438446 38913410 344640394 166344160 219576149 114728082 
0 0 0 0 0 0 0 0 0 0 0 0 0 1 200870921 540147981 135822327 417564093 246349800 200163015 429743720 104575132 533744960 155920552 380423921 201416031 289767174 348016438 94582624 545810182 255206652 239966722 169558866 431190940 198558744 460662769 527959514 257280238 475069383 205390066 543771932 302495529 472251483 256772488 345542566 509036049 448319034 402169670 292014098 34582888 521201540 413161883 446728149 221820879 209868457 409338969 226272634 232606030 478326599 46864570 485475569 137856438 319547720 103859941 551515221 
0 0 0 0 0 0 0 0 0 0 0 0 0 0 1 200870921 540147981 135822327 417564093 246349800 200163015 429743720 104575132 533744960 155920552 380423921 201416031 311551448 386226650 398696853 459322057 170987982 422358258 132775163 143470828 255567931 482223616 91952432 347036067 86918596 166646945 139747343 146186770 128744014 451944464 177005329 398406139 546189031 121209934 10235754 134199251 451628421 285346007 467615025 75538555 454622520 206332559 543326859 186711254 226303775 207363551 421260672 552327770 512610629 499599829 
0 0 0 0 0 0 0 0 0 0 0 0 0 0 0 1 200870921 540147981 135822327 417564093 246349800 200163015 429743720 104575132 533744960 155920552 380423921 201416031 311551448 214388176 354002645 307884725 455089118 59793123 88573518 313127284 523613374 427040207 333725817 231425068 347589145 288954695 84664318 439302875 367401331 4541390 449725524 516915785 424037194 51824059 272973900 549079881 490786008 455125366 490896560 353510610 410636444 262926645 127513604 87100784 19326746 187789824 412257857 249949540 235145693 
0 0 0 0 0 0 0 0 0 0 0 0 0 0 0 0 1 200870921 540147981 135822327 417564093 246349800 200163015 429743720 104575132 533744960 155920552 380423921 201416031 311551448 214388176 256931429 506070764 331747281 530665887 302772280 398576028 437663892 364891871 255807793 383751446 324207105 312775865 19054179 395914390 206219683 362933932 225891956 546342848 87485055 528210002 335367098 266000110 179263756 175923760 289020160 236006267 111764001 548764907 81587377 10708057 337366804 169388224 252057669 333041992 
0 0 0 0 0 0 0 0 0 0 0 0 0 0 0 0 0 1 200870921 540147981 135822327 417564093 246349800 200163015 429743720 104575132 533744960 155920552 380423921 201416031 311551448 214388176 256931429 92686094 177017473 384548452 458302717 466697880 236309713 83484311 192664537 388775762 244192741 399925266 350266992 220883409 426565045 289634012 30436729 117655507 557049108 132381432 189488047 392344059 218912864 458820589 518220027 157023830 96149535 546475769 374660097 131038497 176357661 12872580 185248126 
0 0 0 0 0 0 0 0 0 0 0 0 0 0 0 0 0 0 1 200870921 540147981 135822327 417564093 246349800 200163015 429743720 104575132 533744960 155920552 380423921 201416031 311551448 214388176 256931429 92686094 447011059 115674761 475851546 272014745 103088989 29473245 261392025 102117369 530494119 394209803 57169649 444668990 114148640 245854732 15959728 455369253 567585991 30997617 122983155 460833288 161172108 194467663 219823560 132309547 126276325 24922328 351207926 91222995 474608283 451339750 
0 0 0 0 0 0 0 0 0 0 0 0 0 0 0 0 0 0 0 1 200870921 540147981 135822327 417564093 246349800 200163015 429743720 104575132 533744960 155920552 380423921 201416031 311551448 214388176 256931429 92686094 447011059 555279422 439995355 274614158 471004393 182347767 335711858 277257769 541228616 489738516 230119106 513772379 428087067 139474510 249395884 132257666 255786601 467885649 74429355 413664035 516141461 33539914 299156426 361237669 189334271 370896046 312860466 246178765 506150162 
0 0 0 0 0 0 0 0 0 0 0 0 0 0 0 0 0 0 0 0 1 200870921 540147981 135822327 417564093 246349800 200163015 429743720 104575132 533744960 155920552 380423921 201416031 311551448 214388176 256931429 92686094 447011059 555279422 387244618 473063439 193570329 420974372 447734137 360008363 240305053 478558253 185773208 355344458 63301649 485092152 228725846 118136637 559381695 77155216 70085364 381598728 254272264 155814375 273127845 477554870 526027646 100114072 294932480 4215217 
0 0 0 0 0 0 0 0 0 0 0 0 0 0 0 0 0 0 0 0 0 1 200870921 540147981 135822327 417564093 246349800 200163015 429743720 104575132 533744960 155920552 380423921 201416031 311551448 214388176 256931429 92686094 447011059 555279422 387244618 76406694 342604820 450848239 470430342 371281175 509671736 506079010 455391327 436650508 210900321 57806198 384570145 353451068 505041140 127473880 279459990 71252454 395678642 217338081 129028999 352849379 27429982 563170441 500129886 
0 0 0 0 0 0 0 0 0 0 0 0 0 0 0 0 0 0 0 0 0 0 1 200870921 540147981 135822327 417564093 246349800 200163015 429743720 104575132 533744960 155920552 380423921 201416031 311551448 214388176 256931429 92686094 447011059 555279422 387244618 76406694 91955199 8742081 342372449 68026395 328077627 213797912 530570977 97364371 509178466 280091814 21964057 210119388 352040064 560810975 30226639 158117127 541094832 116033613 131060354 393785706 17082629 435717932 
0 0 0 0 0 0 0 0 0 0 0 0 0 0 0 0 0 0 0 0 0 0 0 1 200870921 540147981 135822327 417564093 246349800 200163015 429743720 104575132 533744960 155920552 380423921 201416031 311551448 214388176 256931429 92686094 447011059 555279422 387244618 76406694 91955199 25337699 17748208 118015268 462615881 130874509 434643855 490452735 451542311 568738289 20324750 41139182 209484115 432513108 280809559 460975610 425616325 159171886 569533542 541066890 75748475 
0 0 0 0 0 0 0 0 0 0 0 0 0 0 0 0 0 0 0 0 0 0 0 0 1 200870921 540147981 135822327 417564093 246349800 200163015 429743720 104575132 533744960 155920552 380423921 201416031 311551448 214388176 256931429 92686094 447011059 555279422 387244618 76406694 91955199 25337699 233465448 564150141 124181729 106960894 163406331 290590447 236593811 484046052 334938018 362107807 303515089 177803834 124542743 291025550 282423869 291694795 555494556 393996595 
0 0 0 0 0 0 0 0 0 0 0 0 0 0 0 0 0 0 0 0 0 0 0 0 0 1 200870921 540147981 135822327 417564093 246349800 200163015 429743720 104575132 533744960 155920552 380423921 201416031 311551448 214388176 256931429 92686094 447011059 555279422 387244618 76406694 91955199 25337699 233465448 551223469 345181852 443587812 101470213 464040671 122805686 162129789 42671004 44931734 261911743 507768561 536406852 136947710 156940469 569815408 69562499 
0 0 0 0 0 0 0 0 0 0 0 0 0 0 0 0 0 0 0 0 0 0 0 0 0 0 1 200870921 540147981 135822327 417564093 246349800 200163015 429743720 104575132 533744960 155920552 380423921 201416031 311551448 214388176 256931429 92686094 447011059 555279422 387244618 76406694 91955199 25337699 233465448 551223469 45003206 250770890 389554845 76439716 174367806 474893754 512111278 513605304 52685766 430655613 138289971 135016348 261858796 510918710 
0 0 0 0 0 0 0 0 0 0 0 0 0 0 0 0 0 0 0 0 0 0 0 0 0 0 0 1 200870921 540147981 135822327 417564093 246349800 200163015 429743720 104575132 533744960 155920552 380423921 201416031 311551448 214388176 256931429 92686094 447011059 555279422 387244618 76406694 91955199 25337699 233465448 551223469 45003206 157045984 69587471 17747125 54964856 140555416 52012445 16870903 476327203 147803627 399393177 188392238 490237985 
0 0 0 0 0 0 0 0 0 0 0 0 0 0 0 0 0 0 0 0 0 0 0 0 0 0 0 0 1 200870921 540147981 135822327 417564093 246349800 200163015 429743720 104575132 533744960 155920552 380423921 201416031 311551448 214388176 256931429 92686094 447011059 555279422 387244618 76406694 91955199 25337699 233465448 551223469 45003206 157045984 467109505 546583412 133896843 244608370 70658448 80926890 551409404 26754756 169055683 332965924 
0 0 0 0 0 0 0 0 0 0 0 0 0 0 0 0 0 0 0 0 0 0 0 0 0 0 0 0 0 1 200870921 540147981 135822327 417564093 246349800 200163015 429743720 104575132 533744960 155920552 380423921 201416031 311551448 214388176 256931429 92686094 447011059 555279422 387244618 76406694 91955199 25337699 233465448 551223469 45003206 157045984 467109505 243096047 169557812 322186212 35966419 491141514 266707724 120865642 507338360 
0 0 0 0 0 0 0 0 0 0 0 0 0 0 0 0 0 0 0 0 0 0 0 0 0 0 0 0 0 0 1 200870921 540147981 135822327 417564093 246349800 200163015 429743720 104575132 533744960 155920552 380423921 201416031 311551448 214388176 256931429 92686094 447011059 555279422 387244618 76406694 91955199 25337699 233465448 551223469 45003206 157045984 467109505 243096047 41608071 394126527 157196229 157029952 208157711 385568404 
0 0 0 0 0 0 0 0 0 0 0 0 0 0 0 0 0 0 0 0 0 0 0 0 0 0 0 0 0 0 0 1 200870921 540147981 135822327 417564093 246349800 200163015 429743720 104575132 533744960 155920552 380423921 201416031 311551448 214388176 256931429 92686094 447011059 555279422 387244618 76406694 91955199 25337699 233465448 551223469 45003206 157045984 467109505 243096047 41608071 418359730 14196975 137537727 161907602 
0 0 0 0 0 0 0 0 0 0 0 0 0 0 0 0 0 0 0 0 0 0 0 0 0 0 0 0 0 0 0 0 1 200870921 540147981 135822327 417564093 246349800 200163015 429743720 104575132 533744960 155920552 380423921 201416031 311551448 214388176 256931429 92686094 447011059 555279422 387244618 76406694 91955199 25337699 233465448 551223469 45003206 157045984 467109505 243096047 41608071 418359730 100783302 212859002 
0 0 0 0 0 0 0 0 0 0 0 0 0 0 0 0 0 0 0 0 0 0 0 0 0 0 0 0 0 0 0 0 0 1 200870921 540147981 135822327 417564093 246349800 200163015 429743720 104575132 533744960 155920552 380423921 201416031 311551448 214388176 256931429 92686094 447011059 555279422 387244618 76406694 91955199 25337699 233465448 551223469 45003206 157045984 467109505 243096047 41608071 418359730 313642304 
0 0 0 0 0 0 0 0 0 0 0 0 0 0 0 0 0 0 0 0 0 0 0 0 0 0 0 0 0 0 0 0 0 0 1 200870921 540147981 135822327 417564093 246349800 200163015 429743720 104575132 533744960 155920552 380423921 201416031 311551448 214388176 256931429 92686094 447011059 555279422 387244618 76406694 91955199 25337699 233465448 551223469 45003206 157045984 467109505 243096047 41608071 161925245 
0 0 0 0 0 0 0 0 0 0 0 0 0 0 0 0 0 0 0 0 0 0 0 0 0 0 0 0 0 0 0 0 0 0 0 1 200870921 540147981 135822327 417564093 246349800 200163015 429743720 104575132 533744960 155920552 380423921 201416031 311551448 214388176 256931429 92686094 447011059 555279422 387244618 76406694 91955199 25337699 233465448 551223469 45003206 157045984 467109505 243096047 203533316 
0 0 0 0 0 0 0 0 0 0 0 0 0 0 0 0 0 0 0 0 0 0 0 0 0 0 0 0 0 0 0 0 0 0 0 0 1 200870921 540147981 135822327 417564093 246349800 200163015 429743720 104575132 533744960 155920552 380423921 201416031 311551448 214388176 256931429 92686094 447011059 555279422 387244618 76406694 91955199 25337699 233465448 551223469 45003206 157045984 467109505 446629363 
0 0 0 0 0 0 0 0 0 0 0 0 0 0 0 0 0 0 0 0 0 0 0 0 0 0 0 0 0 0 0 0 0 0 0 0 0 1 200870921 540147981 135822327 417564093 246349800 200163015 429743720 104575132 533744960 155920552 380423921 201416031 311551448 214388176 256931429 92686094 447011059 555279422 387244618 76406694 91955199 25337699 233465448 551223469 45003206 157045984 343662079 
0 0 0 0 0 0 0 0 0 0 0 0 0 0 0 0 0 0 0 0 0 0 0 0 0 0 0 0 0 0 0 0 0 0 0 0 0 0 1 200870921 540147981 135822327 417564093 246349800 200163015 429743720 104575132 533744960 155920552 380423921 201416031 311551448 214388176 256931429 92686094 447011059 555279422 387244618 76406694 91955199 25337699 233465448 551223469 45003206 500708063 
0 0 0 0 0 0 0 0 0 0 0 0 0 0 0 0 0 0 0 0 0 0 0 0 0 0 0 0 0 0 0 0 0 0 0 0 0 0 0 1 200870921 540147981 135822327 417564093 246349800 200163015 429743720 104575132 533744960 155920552 380423921 201416031 311551448 214388176 256931429 92686094 447011059 555279422 387244618 76406694 91955199 25337699 233465448 551223469 545711269 
0 0 0 0 0 0 0 0 0 0 0 0 0 0 0 0 0 0 0 0 0 0 0 0 0 0 0 0 0 0 0 0 0 0 0 0 0 0 0 0 1 200870921 540147981 135822327 417564093 246349800 200163015 429743720 104575132 533744960 155920552 380423921 201416031 311551448 214388176 256931429 92686094 447011059 555279422 387244618 76406694 91955199 25337699 233465448 526857949 
0 0 0 0 0 0 0 0 0 0 0 0 0 0 0 0 0 0 0 0 0 0 0 0 0 0 0 0 0 0 0 0 0 0 0 0 0 0 0 0 0 1 200870921 540147981 135822327 417564093 246349800 200163015 429743720 104575132 533744960 155920552 380423921 201416031 311551448 214388176 256931429 92686094 447011059 555279422 387244618 76406694 91955199 25337699 190246608 
0 0 0 0 0 0 0 0 0 0 0 0 0 0 0 0 0 0 0 0 0 0 0 0 0 0 0 0 0 0 0 0 0 0 0 0 0 0 0 0 0 0 1 200870921 540147981 135822327 417564093 246349800 200163015 429743720 104575132 533744960 155920552 380423921 201416031 311551448 214388176 256931429 92686094 447011059 555279422 387244618 76406694 91955199 215584307 
0 0 0 0 0 0 0 0 0 0 0 0 0 0 0 0 0 0 0 0 0 0 0 0 0 0 0 0 0 0 0 0 0 0 0 0 0 0 0 0 0 0 0 1 200870921 540147981 135822327 417564093 246349800 200163015 429743720 104575132 533744960 155920552 380423921 201416031 311551448 214388176 256931429 92686094 447011059 555279422 387244618 76406694 307539506 
0 0 0 0 0 0 0 0 0 0 0 0 0 0 0 0 0 0 0 0 0 0 0 0 0 0 0 0 0 0 0 0 0 0 0 0 0 0 0 0 0 0 0 0 1 200870921 540147981 135822327 417564093 246349800 200163015 429743720 104575132 533744960 155920552 380423921 201416031 311551448 214388176 256931429 92686094 447011059 555279422 387244618 383946200 
0 0 0 0 0 0 0 0 0 0 0 0 0 0 0 0 0 0 0 0 0 0 0 0 0 0 0 0 0 0 0 0 0 0 0 0 0 0 0 0 0 0 0 0 0 1 200870921 540147981 135822327 417564093 246349800 200163015 429743720 104575132 533744960 155920552 380423921 201416031 311551448 214388176 256931429 92686094 447011059 555279422 201114029 
0 0 0 0 0 0 0 0 0 0 0 0 0 0 0 0 0 0 0 0 0 0 0 0 0 0 0 0 0 0 0 0 0 0 0 0 0 0 0 0 0 0 0 0 0 0 1 200870921 540147981 135822327 417564093 246349800 200163015 429743720 104575132 533744960 155920552 380423921 201416031 311551448 214388176 256931429 92686094 447011059 186316662 
0 0 0 0 0 0 0 0 0 0 0 0 0 0 0 0 0 0 0 0 0 0 0 0 0 0 0 0 0 0 0 0 0 0 0 0 0 0 0 0 0 0 0 0 0 0 0 1 200870921 540147981 135822327 417564093 246349800 200163015 429743720 104575132 533744960 155920552 380423921 201416031 311551448 214388176 256931429 92686094 63250932 
0 0 0 0 0 0 0 0 0 0 0 0 0 0 0 0 0 0 0 0 0 0 0 0 0 0 0 0 0 0 0 0 0 0 0 0 0 0 0 0 0 0 0 0 0 0 0 0 1 200870921 540147981 135822327 417564093 246349800 200163015 429743720 104575132 533744960 155920552 380423921 201416031 311551448 214388176 256931429 155937026 
0 0 0 0 0 0 0 0 0 0 0 0 0 0 0 0 0 0 0 0 0 0 0 0 0 0 0 0 0 0 0 0 0 0 0 0 0 0 0 0 0 0 0 0 0 0 0 0 0 1 200870921 540147981 135822327 417564093 246349800 200163015 429743720 104575132 533744960 155920552 380423921 201416031 311551448 214388176 412868455 
0 0 0 0 0 0 0 0 0 0 0 0 0 0 0 0 0 0 0 0 0 0 0 0 0 0 0 0 0 0 0 0 0 0 0 0 0 0 0 0 0 0 0 0 0 0 0 0 0 0 1 200870921 540147981 135822327 417564093 246349800 200163015 429743720 104575132 533744960 155920552 380423921 201416031 311551448 57179842 
0 0 0 0 0 0 0 0 0 0 0 0 0 0 0 0 0 0 0 0 0 0 0 0 0 0 0 0 0 0 0 0 0 0 0 0 0 0 0 0 0 0 0 0 0 0 0 0 0 0 0 1 200870921 540147981 135822327 417564093 246349800 200163015 429743720 104575132 533744960 155920552 380423921 201416031 368731290 
0 0 0 0 0 0 0 0 0 0 0 0 0 0 0 0 0 0 0 0 0 0 0 0 0 0 0 0 0 0 0 0 0 0 0 0 0 0 0 0 0 0 0 0 0 0 0 0 0 0 0 0 1 200870921 540147981 135822327 417564093 246349800 200163015 429743720 104575132 533744960 155920552 380423921 70532 
0 0 0 0 0 0 0 0 0 0 0 0 0 0 0 0 0 0 0 0 0 0 0 0 0 0 0 0 0 0 0 0 0 0 0 0 0 0 0 0 0 0 0 0 0 0 0 0 0 0 0 0 0 1 200870921 540147981 135822327 417564093 246349800 200163015 429743720 104575132 533744960 155920552 380494453 
0 0 0 0 0 0 0 0 0 0 0 0 0 0 0 0 0 0 0 0 0 0 0 0 0 0 0 0 0 0 0 0 0 0 0 0 0 0 0 0 0 0 0 0 0 0 0 0 0 0 0 0 0 0 1 200870921 540147981 135822327 417564093 246349800 200163015 429743720 104575132 533744960 536415005 
0 0 0 0 0 0 0 0 0 0 0 0 0 0 0 0 0 0 0 0 0 0 0 0 0 0 0 0 0 0 0 0 0 0 0 0 0 0 0 0 0 0 0 0 0 0 0 0 0 0 0 0 0 0 0 1 200870921 540147981 135822327 417564093 246349800 200163015 429743720 104575132 500083176 
0 0 0 0 0 0 0 0 0 0 0 0 0 0 0 0 0 0 0 0 0 0 0 0 0 0 0 0 0 0 0 0 0 0 0 0 0 0 0 0 0 0 0 0 0 0 0 0 0 0 0 0 0 0 0 0 1 200870921 540147981 135822327 417564093 246349800 200163015 429743720 34581519 
0 0 0 0 0 0 0 0 0 0 0 0 0 0 0 0 0 0 0 0 0 0 0 0 0 0 0 0 0 0 0 0 0 0 0 0 0 0 0 0 0 0 0 0 0 0 0 0 0 0 0 0 0 0 0 0 0 1 200870921 540147981 135822327 417564093 246349800 200163015 464325239 
0 0 0 0 0 0 0 0 0 0 0 0 0 0 0 0 0 0 0 0 0 0 0 0 0 0 0 0 0 0 0 0 0 0 0 0 0 0 0 0 0 0 0 0 0 0 0 0 0 0 0 0 0 0 0 0 0 0 1 200870921 540147981 135822327 417564093 246349800 94411465 
0 0 0 0 0 0 0 0 0 0 0 0 0 0 0 0 0 0 0 0 0 0 0 0 0 0 0 0 0 0 0 0 0 0 0 0 0 0 0 0 0 0 0 0 0 0 0 0 0 0 0 0 0 0 0 0 0 0 0 1 200870921 540147981 135822327 417564093 340761265 
0 0 0 0 0 0 0 0 0 0 0 0 0 0 0 0 0 0 0 0 0 0 0 0 0 0 0 0 0 0 0 0 0 0 0 0 0 0 0 0 0 0 0 0 0 0 0 0 0 0 0 0 0 0 0 0 0 0 0 0 1 200870921 540147981 135822327 188248569 
0 0 0 0 0 0 0 0 0 0 0 0 0 0 0 0 0 0 0 0 0 0 0 0 0 0 0 0 0 0 0 0 0 0 0 0 0 0 0 0 0 0 0 0 0 0 0 0 0 0 0 0 0 0 0 0 0 0 0 0 0 1 200870921 540147981 324070896 
0 0 0 0 0 0 0 0 0 0 0 0 0 0 0 0 0 0 0 0 0 0 0 0 0 0 0 0 0 0 0 0 0 0 0 0 0 0 0 0 0 0 0 0 0 0 0 0 0 0 0 0 0 0 0 0 0 0 0 0 0 0 1 200870921 294142088 
0 0 0 0 0 0 0 0 0 0 0 0 0 0 0 0 0 0 0 0 0 0 0 0 0 0 0 0 0 0 0 0 0 0 0 0 0 0 0 0 0 0 0 0 0 0 0 0 0 0 0 0 0 0 0 0 0 0 0 0 0 0 0 1 495013009 
0 0 0 0 0 0 0 0 0 0 0 0 0 0 0 0 0 0 0 0 0 0 0 0 0 0 0 0 0 0 0 0 0 0 0 0 0 0 0 0 0 0 0 0 0 0 0 0 0 0 0 0 0 0 0 0 0 0 0 0 0 0 0 0 495013010 
0 0 0 0 0 0 0 0 0 0 0 0 0 0 0 0 0 0 0 0 0 0 0 0 0 0 0 0 0 0 0 0 0 0 0 0 0 0 0 0 0 0 0 0 0 0 0 0 0 0 0 0 0 0 0 0 0 0 0 0 0 0 0 0 495013010 
