0 1 596356662 171755335 552094446 773859240 134034335 717362522 52556356 271885992 447988787 532175727 458640228 344428261 370377530 420472378 113588373 651993051 377963323 588219135 323349803 748499961 25033599 562045058 424377766 378085438 51852840 452409629 738187923 91326374 137830645 705238522 393218657 265834545 460613026 244859274 302786074 740178122 476101713 326544994 219730240 102014798 254938268 105415890 85445973 405671067 237958789 371117072 712528216 111838515 109285605 444234158 571957807 495716977 42017051 121119021 233968347 94502327 538778275 447341356 701967094 29013750 563851684 154107329 
0 0 1 590645068 139949512 183873058 740949542 530627510 670072013 568553277 265186907 574568988 300304321 134675828 484314036 215101702 717037189 82843714 272523033 567989669 382016991 74106701 177681220 531551208 201960318 358822552 241462509 122025829 334312415 293633607 773762964 143605653 346685709 709629672 771538259 246137848 388190788 90521424 308320573 678755929 433444877 459256832 244573205 686921990 372083797 646090075 743540426 552698562 92664558 700057577 14886657 664332075 571017647 373943390 34761786 760388626 45453784 358489112 416029358 398446813 28716440 609810691 50919183 656397482 
0 0 0 1 590645068 735216962 353152751 701873810 760390523 137510203 93820351 772396210 415811722 467867023 270622736 258347068 212369337 269951679 269859219 277917654 627771884 125301645 486878164 560632914 196391715 341071340 508965149 539466326 696718944 36111720 149163908 171633577 184577364 531132229 494334248 301772121 83824522 189991603 585773611 710339398 93345715 743354583 155908076 107285810 617349869 681362495 681335639 501502991 21101424 486699028 731060263 55027253 293163238 436980817 490420164 653219884 43400442 451843696 317153845 427180110 205221143 700334120 437641818 687365358 
0 0 0 0 1 590645068 735216962 751029984 671452232 694730290 184542639 64474889 178623238 563609850 646029313 714871066 186897038 704486936 722642065 491143550 450402162 69808552 168130072 490698841 99898847 536034818 435269963 687233642 150781985 440802530 134949476 310554140 384159872 353963781 683163462 336731319 271175824 284204195 301825382 499315763 387896731 458138207 470073346 611612497 729275826 261009652 694713809 233790086 615027847 733887715 272860375 145816465 16636193 491066702 733255593 261263245 100931406 290069139 207944090 400122739 305229684 600473291 371528677 521848031 
0 0 0 0 0 1 590645068 735216962 751029984 11031284 41898049 365390166 408217608 177107191 500368597 118478043 462569756 199312019 353650297 98000910 305094880 757166656 329715489 458655206 536105748 167480011 721079288 515312230 68104776 149718406 662658384 390692869 568925277 488959858 362942013 360645388 262785198 268329715 310820445 1412880 599603303 379680878 508469334 529177839 639501453 322742538 721658121 558372094 332933052 323127816 691760988 688512451 556959783 268744483 740059906 647922965 161409952 269520884 418845404 4786246 709573369 450526073 658565600 446887296 
0 0 0 0 0 0 1 590645068 735216962 751029984 11031284 356660612 160869998 675331226 747668313 107168967 87383964 602948167 376801590 451968675 274615227 603228855 18463946 93300613 355737698 430920832 159702561 236227736 322652365 126270258 234305748 316936966 525525256 13218735 379862187 573118070 409940286 766382082 534966594 657011357 293601489 369947246 497430562 270201328 304879410 579421220 668867394 171175642 679525805 527514881 548110006 413987652 582826763 31065183 689282295 594608339 118560199 323757893 79517877 233062847 704357762 483790529 435710553 290330196 
0 0 0 0 0 0 0 1 590645068 735216962 751029984 11031284 356660612 171872920 603267876 562316069 366759282 402461483 491653271 545651119 10523550 68311345 393029592 631890388 101537250 88142422 30656367 693245849 760082545 47734198 332608738 379300679 318239235 233151213 570554877 143906463 93179463 728910059 286687447 168565576 276545699 637496999 527065197 252147905 685902991 230243786 717137739 150581190 586137649 45442300 624200127 565407790 540468187 555395279 588893968 609152620 695119619 189014655 424773655 554834894 569726346 664484730 6683026 212965716 
0 0 0 0 0 0 0 0 1 590645068 735216962 751029984 11031284 356660612 171872920 627122665 552368395 735338088 415438698 149134119 172016584 9249779 203219009 307050973 179756805 254994046 270730256 42807495 651413937 340756069 213233835 763830156 398691304 653410785 640485110 439343745 130804307 400064249 88421815 32078482 77236313 703566118 202371756 419228304 526558354 650079149 373777613 26251755 373118466 471243764 207207795 760621063 246987678 678300821 385342729 181636079 22142176 143763410 761058037 417632950 538181197 125413500 113222807 560160044 
0 0 0 0 0 0 0 0 0 1 590645068 735216962 751029984 11031284 356660612 171872920 627122665 367275976 5201877 285810311 749004789 152569932 412501332 229587029 696544102 25966842 576046768 191032541 75242145 185146128 66389230 284727849 370663229 536812033 696711957 277630427 262720064 459325802 730974521 323774211 621673639 34040228 768441259 593570060 242905324 544197149 123271146 192183085 189836980 615421635 255627304 344770376 145361961 11906293 524816207 388030448 148999339 103691180 713576033 210202213 183206933 331917384 295737295 689588740 
0 0 0 0 0 0 0 0 0 0 1 590645068 735216962 751029984 11031284 356660612 171872920 627122665 367275976 156719762 194473054 300588022 8301091 42267527 570277069 454661972 66968179 682033607 734328540 246778269 509594719 429398452 263030609 70713886 479229164 227760415 555419850 267244342 534191494 164223913 399129259 735508168 245876184 419924395 395877511 29307694 209348551 490259370 242059075 300562635 23829883 51034565 482121115 362912409 96139226 715140570 171457959 744235879 7596619 452253116 372841359 503064842 341987558 341574839 
0 0 0 0 0 0 0 0 0 0 0 1 590645068 735216962 751029984 11031284 356660612 171872920 627122665 367275976 156719762 635814919 218092403 618487925 765018834 212194810 774578404 256627387 240371601 290476586 678156140 765317998 266634087 591933385 103221583 101929873 141930424 207106963 633794550 599090534 25648446 494198901 437791694 524482581 168819650 480225683 377063024 281995610 200052580 586108150 379562951 517204338 332638650 181716415 486806180 10410 246576378 520418168 704125496 113981823 334524365 158480022 744595973 87938287 
0 0 0 0 0 0 0 0 0 0 0 0 1 590645068 735216962 751029984 11031284 356660612 171872920 627122665 367275976 156719762 635814919 391470133 496212292 384280344 408811014 242540162 273855384 603075477 531762377 552080805 358552864 91062786 203619997 754397615 578183589 520465381 350302962 728126790 409287522 446274031 536655444 349602329 350066908 455218199 464449838 81140364 436154785 349689311 124726412 275516372 513116601 719588688 450545046 505361269 583736351 216275729 436630787 192648448 528808472 412672894 520455501 572725215 
0 0 0 0 0 0 0 0 0 0 0 0 0 1 590645068 735216962 751029984 11031284 356660612 171872920 627122665 367275976 156719762 635814919 391470133 363044699 363188619 46532811 669092607 484931337 350644348 625333313 679363285 24628938 206151183 544990723 245777371 438233071 480423409 39352419 528885697 751113778 662835136 65815270 593153926 293171968 748617786 49585847 648616578 235408903 81453622 58209902 263729465 448847006 273150343 371737996 63499641 654187678 412024469 428072362 132978755 468908116 250961993 636696146 
0 0 0 0 0 0 0 0 0 0 0 0 0 0 1 590645068 735216962 751029984 11031284 356660612 171872920 627122665 367275976 156719762 635814919 391470133 363044699 80312316 427807514 129709816 583243430 582336831 90027793 203914330 159485686 161686423 422686576 259102855 91266245 603267611 436643408 678819871 615220625 661743240 621287638 561003901 330726555 697268647 384742421 212003927 253775041 685513423 360633078 133327549 335712837 255358165 273584298 247652897 181004216 294099567 83084043 146741035 135853802 389440981 
0 0 0 0 0 0 0 0 0 0 0 0 0 0 0 1 590645068 735216962 751029984 11031284 356660612 171872920 627122665 367275976 156719762 635814919 391470133 363044699 80312316 756259465 72490682 740333352 644096934 630199179 731210979 612576893 352728391 6311046 228568388 554763410 359678139 690948605 555665935 161910344 679800785 436760160 556128292 723703864 566388121 40260651 457549482 444408156 342380625 762165598 390052472 553849011 551424086 123036903 165186432 408395667 555067295 734302757 332653903 644063338 
0 0 0 0 0 0 0 0 0 0 0 0 0 0 0 0 1 590645068 735216962 751029984 11031284 356660612 171872920 627122665 367275976 156719762 635814919 391470133 363044699 80312316 756259465 12377844 525542857 292492549 600594365 761835633 165019380 494753531 571741105 649521006 505818653 273351496 768294352 414445363 574940594 538174653 463117058 345562135 528305652 333086872 259830042 733443138 581512785 491608114 333649951 222014734 582032908 492275180 416003166 584974509 93734292 29918729 267950190 350919813 
0 0 0 0 0 0 0 0 0 0 0 0 0 0 0 0 0 1 590645068 735216962 751029984 11031284 356660612 171872920 627122665 367275976 156719762 635814919 391470133 363044699 80312316 756259465 12377844 246255685 67355474 600223048 114339950 351762699 611613008 416560413 324488190 211840403 267681639 178396394 432091460 651359525 230078896 134616519 234493696 362267154 62408649 139591319 542546874 137780023 142550844 736099121 181815571 766974646 293330578 105528607 467238472 716070716 725865358 692805422 
0 0 0 0 0 0 0 0 0 0 0 0 0 0 0 0 0 0 1 590645068 735216962 751029984 11031284 356660612 171872920 627122665 367275976 156719762 635814919 391470133 363044699 80312316 756259465 12377844 246255685 319116239 274743402 300559516 317706715 722694876 96584952 468492919 669955020 314634332 477025840 248745950 261169621 336642660 680826535 368998952 80999982 93526706 240962798 173703404 159779183 529267136 344085278 590087756 4592297 69590631 83155686 66681761 557407942 497819353 
0 0 0 0 0 0 0 0 0 0 0 0 0 0 0 0 0 0 0 1 590645068 735216962 751029984 11031284 356660612 171872920 627122665 367275976 156719762 635814919 391470133 363044699 80312316 756259465 12377844 246255685 319116239 97030359 48506298 4805081 257879764 57615466 51708893 132410112 763071745 773396765 726376101 271389918 263311917 19620767 699155499 411880467 407803900 648660294 529171988 401603590 761266149 688436194 690282186 112299928 45886667 633640378 291146553 17192837 
0 0 0 0 0 0 0 0 0 0 0 0 0 0 0 0 0 0 0 0 1 590645068 735216962 751029984 11031284 356660612 171872920 627122665 367275976 156719762 635814919 391470133 363044699 80312316 756259465 12377844 246255685 319116239 97030359 168105688 279798872 577569645 276709447 710764427 147654624 363900353 599446485 60232053 381044504 442198952 712435711 658023660 75364627 524149877 570294358 757729211 446863108 639779107 721995061 253289839 497472554 74755136 108487304 435563467 
0 0 0 0 0 0 0 0 0 0 0 0 0 0 0 0 0 0 0 0 0 1 590645068 735216962 751029984 11031284 356660612 171872920 627122665 367275976 156719762 635814919 391470133 363044699 80312316 756259465 12377844 246255685 319116239 97030359 168105688 716753571 108488633 215432169 605959996 488398175 516231179 203224827 310067522 701662970 166447495 214736744 717105146 746905957 332496996 628497889 241546761 326812637 272272318 548291855 251142647 568599220 554222492 105116570 
0 0 0 0 0 0 0 0 0 0 0 0 0 0 0 0 0 0 0 0 0 0 1 590645068 735216962 751029984 11031284 356660612 171872920 627122665 367275976 156719762 635814919 391470133 363044699 80312316 756259465 12377844 246255685 319116239 97030359 168105688 716753571 313513732 465507975 595476108 140754203 639661414 293319893 29084333 374532590 427827668 144022008 466605717 361641775 759746518 112952998 363198587 203239485 96790341 462257508 102416628 58145525 87639353 
0 0 0 0 0 0 0 0 0 0 0 0 0 0 0 0 0 0 0 0 0 0 0 1 590645068 735216962 751029984 11031284 356660612 171872920 627122665 367275976 156719762 635814919 391470133 363044699 80312316 756259465 12377844 246255685 319116239 97030359 168105688 716753571 313513732 422232028 528088137 637502761 315964043 367122116 245951304 499869860 683664878 135196218 220338151 300873079 597158991 324395674 207168585 466967211 607669121 282872246 364294006 527709444 
0 0 0 0 0 0 0 0 0 0 0 0 0 0 0 0 0 0 0 0 0 0 0 0 1 590645068 735216962 751029984 11031284 356660612 171872920 627122665 367275976 156719762 635814919 391470133 363044699 80312316 756259465 12377844 246255685 319116239 97030359 168105688 716753571 313513732 422232028 500435754 602791144 374723373 736481666 646553889 19656803 400207451 262744369 78966037 394368405 191608911 549603722 648955454 757442693 405137661 469991319 273137174 
0 0 0 0 0 0 0 0 0 0 0 0 0 0 0 0 0 0 0 0 0 0 0 0 0 1 590645068 735216962 751029984 11031284 356660612 171872920 627122665 367275976 156719762 635814919 391470133 363044699 80312316 756259465 12377844 246255685 319116239 97030359 168105688 716753571 313513732 422232028 500435754 64239327 268120186 57518050 63840557 112543463 148345931 565212379 83636356 49424365 470379945 150448487 78388634 436608012 701928108 461301819 
0 0 0 0 0 0 0 0 0 0 0 0 0 0 0 0 0 0 0 0 0 0 0 0 0 0 1 590645068 735216962 751029984 11031284 356660612 171872920 627122665 367275976 156719762 635814919 391470133 363044699 80312316 756259465 12377844 246255685 319116239 97030359 168105688 716753571 313513732 422232028 500435754 64239327 564684356 200130429 734629126 652735690 294906343 608294254 198027434 327418340 71579227 541209928 194023432 244305656 565969303 
0 0 0 0 0 0 0 0 0 0 0 0 0 0 0 0 0 0 0 0 0 0 0 0 0 0 0 1 590645068 735216962 751029984 11031284 356660612 171872920 627122665 367275976 156719762 635814919 391470133 363044699 80312316 756259465 12377844 246255685 319116239 97030359 168105688 716753571 313513732 422232028 500435754 64239327 564684356 394500873 512567591 604252964 620691914 24884437 196855662 770884603 529268763 303083165 576084091 100155099 
0 0 0 0 0 0 0 0 0 0 0 0 0 0 0 0 0 0 0 0 0 0 0 0 0 0 0 0 1 590645068 735216962 751029984 11031284 356660612 171872920 627122665 367275976 156719762 635814919 391470133 363044699 80312316 756259465 12377844 246255685 319116239 97030359 168105688 716753571 313513732 422232028 500435754 64239327 564684356 394500873 496497253 433665534 524213111 733142897 493964613 610890772 608530692 627499568 485432462 
0 0 0 0 0 0 0 0 0 0 0 0 0 0 0 0 0 0 0 0 0 0 0 0 0 0 0 0 0 1 590645068 735216962 751029984 11031284 356660612 171872920 627122665 367275976 156719762 635814919 391470133 363044699 80312316 756259465 12377844 246255685 319116239 97030359 168105688 716753571 313513732 422232028 500435754 64239327 564684356 394500873 496497253 389857917 725522470 632138982 325359540 773713564 615193245 280445318 
0 0 0 0 0 0 0 0 0 0 0 0 0 0 0 0 0 0 0 0 0 0 0 0 0 0 0 0 0 0 1 590645068 735216962 751029984 11031284 356660612 171872920 627122665 367275976 156719762 635814919 391470133 363044699 80312316 756259465 12377844 246255685 319116239 97030359 168105688 716753571 313513732 422232028 500435754 64239327 564684356 394500873 496497253 389857917 471636982 646974413 616652583 699382569 142617959 
0 0 0 0 0 0 0 0 0 0 0 0 0 0 0 0 0 0 0 0 0 0 0 0 0 0 0 0 0 0 0 1 590645068 735216962 751029984 11031284 356660612 171872920 627122665 367275976 156719762 635814919 391470133 363044699 80312316 756259465 12377844 246255685 319116239 97030359 168105688 716753571 313513732 422232028 500435754 64239327 564684356 394500873 496497253 389857917 471636982 614449261 590157720 125911930 
0 0 0 0 0 0 0 0 0 0 0 0 0 0 0 0 0 0 0 0 0 0 0 0 0 0 0 0 0 0 0 0 1 590645068 735216962 751029984 11031284 356660612 171872920 627122665 367275976 156719762 635814919 391470133 363044699 80312316 756259465 12377844 246255685 319116239 97030359 168105688 716753571 313513732 422232028 500435754 64239327 564684356 394500873 496497253 389857917 471636982 614449261 716069650 
0 0 0 0 0 0 0 0 0 0 0 0 0 0 0 0 0 0 0 0 0 0 0 0 0 0 0 0 0 0 0 0 0 1 590645068 735216962 751029984 11031284 356660612 171872920 627122665 367275976 156719762 635814919 391470133 363044699 80312316 756259465 12377844 246255685 319116239 97030359 168105688 716753571 313513732 422232028 500435754 64239327 564684356 394500873 496497253 389857917 471636982 555410298 
0 0 0 0 0 0 0 0 0 0 0 0 0 0 0 0 0 0 0 0 0 0 0 0 0 0 0 0 0 0 0 0 0 0 1 590645068 735216962 751029984 11031284 356660612 171872920 627122665 367275976 156719762 635814919 391470133 363044699 80312316 756259465 12377844 246255685 319116239 97030359 168105688 716753571 313513732 422232028 500435754 64239327 564684356 394500873 496497253 389857917 251938667 
0 0 0 0 0 0 0 0 0 0 0 0 0 0 0 0 0 0 0 0 0 0 0 0 0 0 0 0 0 0 0 0 0 0 0 1 590645068 735216962 751029984 11031284 356660612 171872920 627122665 367275976 156719762 635814919 391470133 363044699 80312316 756259465 12377844 246255685 319116239 97030359 168105688 716753571 313513732 422232028 500435754 64239327 564684356 394500873 496497253 641796584 
0 0 0 0 0 0 0 0 0 0 0 0 0 0 0 0 0 0 0 0 0 0 0 0 0 0 0 0 0 0 0 0 0 0 0 0 1 590645068 735216962 751029984 11031284 356660612 171872920 627122665 367275976 156719762 635814919 391470133 363044699 80312316 756259465 12377844 246255685 319116239 97030359 168105688 716753571 313513732 422232028 500435754 64239327 564684356 394500873 363185224 
0 0 0 0 0 0 0 0 0 0 0 0 0 0 0 0 0 0 0 0 0 0 0 0 0 0 0 0 0 0 0 0 0 0 0 0 0 1 590645068 735216962 751029984 11031284 356660612 171872920 627122665 367275976 156719762 635814919 391470133 363044699 80312316 756259465 12377844 246255685 319116239 97030359 168105688 716753571 313513732 422232028 500435754 64239327 564684356 757686097 
0 0 0 0 0 0 0 0 0 0 0 0 0 0 0 0 0 0 0 0 0 0 0 0 0 0 0 0 0 0 0 0 0 0 0 0 0 0 1 590645068 735216962 751029984 11031284 356660612 171872920 627122665 367275976 156719762 635814919 391470133 363044699 80312316 756259465 12377844 246255685 319116239 97030359 168105688 716753571 313513732 422232028 500435754 64239327 547261840 
0 0 0 0 0 0 0 0 0 0 0 0 0 0 0 0 0 0 0 0 0 0 0 0 0 0 0 0 0 0 0 0 0 0 0 0 0 0 0 1 590645068 735216962 751029984 11031284 356660612 171872920 627122665 367275976 156719762 635814919 391470133 363044699 80312316 756259465 12377844 246255685 319116239 97030359 168105688 716753571 313513732 422232028 500435754 611501167 
0 0 0 0 0 0 0 0 0 0 0 0 0 0 0 0 0 0 0 0 0 0 0 0 0 0 0 0 0 0 0 0 0 0 0 0 0 0 0 0 1 590645068 735216962 751029984 11031284 356660612 171872920 627122665 367275976 156719762 635814919 391470133 363044699 80312316 756259465 12377844 246255685 319116239 97030359 168105688 716753571 313513732 422232028 336828308 
0 0 0 0 0 0 0 0 0 0 0 0 0 0 0 0 0 0 0 0 0 0 0 0 0 0 0 0 0 0 0 0 0 0 0 0 0 0 0 0 0 1 590645068 735216962 751029984 11031284 356660612 171872920 627122665 367275976 156719762 635814919 391470133 363044699 80312316 756259465 12377844 246255685 319116239 97030359 168105688 716753571 313513732 759060336 
0 0 0 0 0 0 0 0 0 0 0 0 0 0 0 0 0 0 0 0 0 0 0 0 0 0 0 0 0 0 0 0 0 0 0 0 0 0 0 0 0 0 1 590645068 735216962 751029984 11031284 356660612 171872920 627122665 367275976 156719762 635814919 391470133 363044699 80312316 756259465 12377844 246255685 319116239 97030359 168105688 716753571 297465455 
0 0 0 0 0 0 0 0 0 0 0 0 0 0 0 0 0 0 0 0 0 0 0 0 0 0 0 0 0 0 0 0 0 0 0 0 0 0 0 0 0 0 0 1 590645068 735216962 751029984 11031284 356660612 171872920 627122665 367275976 156719762 635814919 391470133 363044699 80312316 756259465 12377844 246255685 319116239 97030359 168105688 239110413 
0 0 0 0 0 0 0 0 0 0 0 0 0 0 0 0 0 0 0 0 0 0 0 0 0 0 0 0 0 0 0 0 0 0 0 0 0 0 0 0 0 0 0 0 1 590645068 735216962 751029984 11031284 356660612 171872920 627122665 367275976 156719762 635814919 391470133 363044699 80312316 756259465 12377844 246255685 319116239 97030359 407216101 
0 0 0 0 0 0 0 0 0 0 0 0 0 0 0 0 0 0 0 0 0 0 0 0 0 0 0 0 0 0 0 0 0 0 0 0 0 0 0 0 0 0 0 0 0 1 590645068 735216962 751029984 11031284 356660612 171872920 627122665 367275976 156719762 635814919 391470133 363044699 80312316 756259465 12377844 246255685 319116239 504246460 
0 0 0 0 0 0 0 0 0 0 0 0 0 0 0 0 0 0 0 0 0 0 0 0 0 0 0 0 0 0 0 0 0 0 0 0 0 0 0 0 0 0 0 0 0 0 1 590645068 735216962 751029984 11031284 356660612 171872920 627122665 367275976 156719762 635814919 391470133 363044699 80312316 756259465 12377844 246255685 48254086 
0 0 0 0 0 0 0 0 0 0 0 0 0 0 0 0 0 0 0 0 0 0 0 0 0 0 0 0 0 0 0 0 0 0 0 0 0 0 0 0 0 0 0 0 0 0 0 1 590645068 735216962 751029984 11031284 356660612 171872920 627122665 367275976 156719762 635814919 391470133 363044699 80312316 756259465 12377844 294509771 
0 0 0 0 0 0 0 0 0 0 0 0 0 0 0 0 0 0 0 0 0 0 0 0 0 0 0 0 0 0 0 0 0 0 0 0 0 0 0 0 0 0 0 0 0 0 0 0 1 590645068 735216962 751029984 11031284 356660612 171872920 627122665 367275976 156719762 635814919 391470133 363044699 80312316 756259465 306887615 
0 0 0 0 0 0 0 0 0 0 0 0 0 0 0 0 0 0 0 0 0 0 0 0 0 0 0 0 0 0 0 0 0 0 0 0 0 0 0 0 0 0 0 0 0 0 0 0 0 1 590645068 735216962 751029984 11031284 356660612 171872920 627122665 367275976 156719762 635814919 391470133 363044699 80312316 288038467 
0 0 0 0 0 0 0 0 0 0 0 0 0 0 0 0 0 0 0 0 0 0 0 0 0 0 0 0 0 0 0 0 0 0 0 0 0 0 0 0 0 0 0 0 0 0 0 0 0 0 1 590645068 735216962 751029984 11031284 356660612 171872920 627122665 367275976 156719762 635814919 391470133 363044699 368350783 
0 0 0 0 0 0 0 0 0 0 0 0 0 0 0 0 0 0 0 0 0 0 0 0 0 0 0 0 0 0 0 0 0 0 0 0 0 0 0 0 0 0 0 0 0 0 0 0 0 0 0 1 590645068 735216962 751029984 11031284 356660612 171872920 627122665 367275976 156719762 635814919 391470133 731395482 
0 0 0 0 0 0 0 0 0 0 0 0 0 0 0 0 0 0 0 0 0 0 0 0 0 0 0 0 0 0 0 0 0 0 0 0 0 0 0 0 0 0 0 0 0 0 0 0 0 0 0 0 1 590645068 735216962 751029984 11031284 356660612 171872920 627122665 367275976 156719762 635814919 347757002 
0 0 0 0 0 0 0 0 0 0 0 0 0 0 0 0 0 0 0 0 0 0 0 0 0 0 0 0 0 0 0 0 0 0 0 0 0 0 0 0 0 0 0 0 0 0 0 0 0 0 0 0 0 1 590645068 735216962 751029984 11031284 356660612 171872920 627122665 367275976 156719762 208463308 
0 0 0 0 0 0 0 0 0 0 0 0 0 0 0 0 0 0 0 0 0 0 0 0 0 0 0 0 0 0 0 0 0 0 0 0 0 0 0 0 0 0 0 0 0 0 0 0 0 0 0 0 0 0 1 590645068 735216962 751029984 11031284 356660612 171872920 627122665 367275976 365183070 
0 0 0 0 0 0 0 0 0 0 0 0 0 0 0 0 0 0 0 0 0 0 0 0 0 0 0 0 0 0 0 0 0 0 0 0 0 0 0 0 0 0 0 0 0 0 0 0 0 0 0 0 0 0 0 1 590645068 735216962 751029984 11031284 356660612 171872920 627122665 732459046 
0 0 0 0 0 0 0 0 0 0 0 0 0 0 0 0 0 0 0 0 0 0 0 0 0 0 0 0 0 0 0 0 0 0 0 0 0 0 0 0 0 0 0 0 0 0 0 0 0 0 0 0 0 0 0 0 1 590645068 735216962 751029984 11031284 356660612 171872920 584473098 
0 0 0 0 0 0 0 0 0 0 0 0 0 0 0 0 0 0 0 0 0 0 0 0 0 0 0 0 0 0 0 0 0 0 0 0 0 0 0 0 0 0 0 0 0 0 0 0 0 0 0 0 0 0 0 0 0 1 590645068 735216962 751029984 11031284 356660612 756346018 
0 0 0 0 0 0 0 0 0 0 0 0 0 0 0 0 0 0 0 0 0 0 0 0 0 0 0 0 0 0 0 0 0 0 0 0 0 0 0 0 0 0 0 0 0 0 0 0 0 0 0 0 0 0 0 0 0 0 1 590645068 735216962 751029984 11031284 337898017 
0 0 0 0 0 0 0 0 0 0 0 0 0 0 0 0 0 0 0 0 0 0 0 0 0 0 0 0 0 0 0 0 0 0 0 0 0 0 0 0 0 0 0 0 0 0 0 0 0 0 0 0 0 0 0 0 0 0 0 1 590645068 735216962 751029984 348929301 
0 0 0 0 0 0 0 0 0 0 0 0 0 0 0 0 0 0 0 0 0 0 0 0 0 0 0 0 0 0 0 0 0 0 0 0 0 0 0 0 0 0 0 0 0 0 0 0 0 0 0 0 0 0 0 0 0 0 0 0 1 590645068 735216962 324850672 
0 0 0 0 0 0 0 0 0 0 0 0 0 0 0 0 0 0 0 0 0 0 0 0 0 0 0 0 0 0 0 0 0 0 0 0 0 0 0 0 0 0 0 0 0 0 0 0 0 0 0 0 0 0 0 0 0 0 0 0 0 1 590645068 284959021 
0 0 0 0 0 0 0 0 0 0 0 0 0 0 0 0 0 0 0 0 0 0 0 0 0 0 0 0 0 0 0 0 0 0 0 0 0 0 0 0 0 0 0 0 0 0 0 0 0 0 0 0 0 0 0 0 0 0 0 0 0 0 1 100495476 
0 0 0 0 0 0 0 0 0 0 0 0 0 0 0 0 0 0 0 0 0 0 0 0 0 0 0 0 0 0 0 0 0 0 0 0 0 0 0 0 0 0 0 0 0 0 0 0 0 0 0 0 0 0 0 0 0 0 0 0 0 0 0 100495477 
0 0 0 0 0 0 0 0 0 0 0 0 0 0 0 0 0 0 0 0 0 0 0 0 0 0 0 0 0 0 0 0 0 0 0 0 0 0 0 0 0 0 0 0 0 0 0 0 0 0 0 0 0 0 0 0 0 0 0 0 0 0 0 100495477 
