0 1 68839881 27636438 89202322 89884444 54389933 18598801 101813771 44020181 98540284 17650821 84948605 99284560 109875380 102603741 73048564 83787674 140097519 125081765 
0 0 1 4980717 99726150 15662794 76473480 22545188 134673435 23448101 79661713 3257746 103213931 86097167 24444057 14404191 43714259 94571743 27024182 10210418 
0 0 0 1 4980717 31387338 44617362 114980677 116884945 27501287 31178281 58506572 129736083 45850509 6140652 40725917 126651002 25282151 44228044 15457735 
0 0 0 0 1 4980717 31387338 86351253 99042677 12911288 113339420 113439664 105895154 106789351 1390425 16239857 89335455 139029160 47531050 37745316 
0 0 0 0 0 1 4980717 31387338 86351253 38163287 53471621 84330643 94801145 49093283 98850117 129649365 21091535 30866089 105853779 35219100 
0 0 0 0 0 0 1 4980717 31387338 86351253 38163287 103355073 93196410 114488765 5682713 138107832 55248424 121555783 101138858 111751672 
0 0 0 0 0 0 0 1 4980717 31387338 86351253 38163287 103355073 42821095 107073154 13179852 72948319 102840791 42667434 77042106 
0 0 0 0 0 0 0 0 1 4980717 31387338 86351253 38163287 103355073 42821095 117997599 134392754 108378129 67909357 128372670 
0 0 0 0 0 0 0 0 0 1 4980717 31387338 86351253 38163287 103355073 42821095 117997599 84751498 93149415 119853144 
0 0 0 0 0 0 0 0 0 0 1 4980717 31387338 86351253 38163287 103355073 42821095 117997599 84751498 71703706 
0 0 0 0 0 0 0 0 0 0 0 1 4980717 31387338 86351253 38163287 103355073 42821095 117997599 15156351 
0 0 0 0 0 0 0 0 0 0 0 0 1 4980717 31387338 86351253 38163287 103355073 42821095 133153950 
0 0 0 0 0 0 0 0 0 0 0 0 0 1 4980717 31387338 86351253 38163287 103355073 34676192 
0 0 0 0 0 0 0 0 0 0 0 0 0 0 1 4980717 31387338 86351253 38163287 138031265 
0 0 0 0 0 0 0 0 0 0 0 0 0 0 0 1 4980717 31387338 86351253 34895699 
0 0 0 0 0 0 0 0 0 0 0 0 0 0 0 0 1 4980717 31387338 121246952 
0 0 0 0 0 0 0 0 0 0 0 0 0 0 0 0 0 1 4980717 11335437 
0 0 0 0 0 0 0 0 0 0 0 0 0 0 0 0 0 0 1 16316154 
0 0 0 0 0 0 0 0 0 0 0 0 0 0 0 0 0 0 0 16316155 
0 0 0 0 0 0 0 0 0 0 0 0 0 0 0 0 0 0 0 16316155 
