0 1 98119531 341747623 108166541 239428661 111284774 323600146 410999963 28515886 192836079 238702839 1528891 117431268 198660948 306492718 102458915 82265644 179706317 
0 0 1 2359278 385884554 443301094 145931375 441121179 38829956 163488943 226138027 50206029 293568156 48331596 120179478 64673609 64825710 193268483 399839277 
0 0 0 1 2359278 203398936 339277203 290413457 4100700 368585927 437853910 311230629 34588452 191500349 203573006 297980070 136603419 290331005 413671724 
0 0 0 0 1 2359278 203398936 367786265 163225443 213429480 394976553 416293702 207515011 21889002 256621736 171941766 426654914 147723034 88131624 
0 0 0 0 0 1 2359278 203398936 367786265 20236405 146633606 311654086 272084954 127533394 290769103 361986770 141644810 417781662 418077475 
0 0 0 0 0 0 1 2359278 203398936 367786265 20236405 273527272 146555016 300275849 201973867 243095039 176107149 66340677 193248349 
0 0 0 0 0 0 0 1 2359278 203398936 367786265 20236405 273527272 88494920 398815393 168181142 259052540 146400457 266651494 
0 0 0 0 0 0 0 0 1 2359278 203398936 367786265 20236405 273527272 88494920 240834507 340132877 399848448 258285194 
0 0 0 0 0 0 0 0 0 1 2359278 203398936 367786265 20236405 273527272 88494920 240834507 437760117 116985081 
0 0 0 0 0 0 0 0 0 0 1 2359278 203398936 367786265 20236405 273527272 88494920 240834507 111223877 
0 0 0 0 0 0 0 0 0 0 0 1 2359278 203398936 367786265 20236405 273527272 88494920 352058384 
0 0 0 0 0 0 0 0 0 0 0 0 1 2359278 203398936 367786265 20236405 273527272 440553304 
0 0 0 0 0 0 0 0 0 0 0 0 0 1 2359278 203398936 367786265 20236405 270559255 
0 0 0 0 0 0 0 0 0 0 0 0 0 0 1 2359278 203398936 367786265 290795660 
0 0 0 0 0 0 0 0 0 0 0 0 0 0 0 1 2359278 203398936 215060604 
0 0 0 0 0 0 0 0 0 0 0 0 0 0 0 0 1 2359278 418459540 
0 0 0 0 0 0 0 0 0 0 0 0 0 0 0 0 0 1 420818818 
0 0 0 0 0 0 0 0 0 0 0 0 0 0 0 0 0 0 420818819 
0 0 0 0 0 0 0 0 0 0 0 0 0 0 0 0 0 0 420818819 
