0 1 313495617 53844526 231252792 128998566 174328751 224091529 138959090 216876142 179748805 338486546 297772823 72545316 248868596 69102890 100071585 170273050 275182012 257366986 146860831 218480045 319773419 116609402 166320727 57356042 235421098 66046800 303003010 14424855 251041175 223833601 
0 0 1 324007041 76649067 164710520 3785919 101627929 96283049 180748028 177716871 103233389 71439621 88164159 170294399 31889842 236856599 147817806 332187082 275885040 133237893 251392076 229081890 232589183 140043103 270018396 167009912 314795916 278711911 252929007 166970724 247006198 
0 0 0 1 324007041 275843589 86184827 86662879 76650079 340932311 234215080 168652105 203225303 179475493 70003659 138412418 279274188 320246116 190919556 310079980 140017461 234780635 34977155 128221293 184416166 285052375 247864356 204476960 164887328 270978106 257064601 172915567 
0 0 0 0 1 324007041 275843589 269484176 73325630 1152702 111477906 107807473 108930527 84121523 145707037 221611457 70900027 244835152 281596872 152651154 108500002 289668543 92823840 320712109 91777873 209070419 300516263 78228022 317704542 156338172 309136603 175799859 
0 0 0 0 0 1 324007041 275843589 269484176 308605757 314482037 40472413 24952821 266000878 103790819 210106890 297090605 114590200 282202282 190362872 102513702 213526537 137650544 97072820 47702044 324541720 292761002 180618402 164773840 307922142 253078755 122928682 
0 0 0 0 0 0 1 324007041 275843589 269484176 308605757 323077163 308996675 273887571 239204701 198200698 136415837 306087443 159997892 223994979 274225551 246855076 91663822 30011563 99980317 316506245 39134864 342538551 68246019 305335575 45214712 59566753 
0 0 0 0 0 0 0 1 324007041 275843589 269484176 308605757 323077163 66797967 12048624 42693964 47288358 222996673 200841633 128660821 228854457 274025424 199887651 49704998 325479838 149862563 151157449 242985816 50082841 175212979 259759449 251015225 
0 0 0 0 0 0 0 0 1 324007041 275843589 269484176 308605757 323077163 66797967 251380952 49392099 191461749 148588893 324733755 68898841 239628456 155114666 27994274 130064355 191438201 323186088 328970513 185798068 200560247 290944966 247756697 
0 0 0 0 0 0 0 0 0 1 324007041 275843589 269484176 308605757 323077163 66797967 251380952 278099080 136667284 30406740 177292124 64267682 146713327 68573689 323003172 336750546 322238984 293980415 249153926 195373960 317043827 164967112 
0 0 0 0 0 0 0 0 0 0 1 324007041 275843589 269484176 308605757 323077163 66797967 251380952 278099080 266463541 210806212 318504186 312312566 138339524 109359578 140004637 174491017 320242711 163270817 312421941 340687502 19528556 
0 0 0 0 0 0 0 0 0 0 0 1 324007041 275843589 269484176 308605757 323077163 66797967 251380952 278099080 266463541 288261220 128148276 219089989 340645531 234424676 32505343 143135133 224365790 215957128 302467275 87614829 
0 0 0 0 0 0 0 0 0 0 0 0 1 324007041 275843589 269484176 308605757 323077163 66797967 251380952 278099080 266463541 288261220 214010209 243095898 135869319 109491156 123568164 343152916 260570945 182273902 316321461 
0 0 0 0 0 0 0 0 0 0 0 0 0 1 324007041 275843589 269484176 308605757 323077163 66797967 251380952 278099080 266463541 288261220 214010209 173793300 704129 33047176 253220987 211770223 218248611 136851221 
0 0 0 0 0 0 0 0 0 0 0 0 0 0 1 324007041 275843589 269484176 308605757 323077163 66797967 251380952 278099080 266463541 288261220 214010209 173793300 13955917 280705295 215299095 71414055 272467985 
0 0 0 0 0 0 0 0 0 0 0 0 0 0 0 1 324007041 275843589 269484176 308605757 323077163 66797967 251380952 278099080 266463541 288261220 214010209 173793300 13955917 248815970 337455281 253615179 
0 0 0 0 0 0 0 0 0 0 0 0 0 0 0 0 1 324007041 275843589 269484176 308605757 323077163 66797967 251380952 278099080 266463541 288261220 214010209 173793300 13955917 248815970 247716403 
0 0 0 0 0 0 0 0 0 0 0 0 0 0 0 0 0 1 324007041 275843589 269484176 308605757 323077163 66797967 251380952 278099080 266463541 288261220 214010209 173793300 13955917 153178316 
0 0 0 0 0 0 0 0 0 0 0 0 0 0 0 0 0 0 1 324007041 275843589 269484176 308605757 323077163 66797967 251380952 278099080 266463541 288261220 214010209 173793300 167134233 
0 0 0 0 0 0 0 0 0 0 0 0 0 0 0 0 0 0 0 1 324007041 275843589 269484176 308605757 323077163 66797967 251380952 278099080 266463541 288261220 214010209 340927533 
0 0 0 0 0 0 0 0 0 0 0 0 0 0 0 0 0 0 0 0 1 324007041 275843589 269484176 308605757 323077163 66797967 251380952 278099080 266463541 288261220 211583685 
0 0 0 0 0 0 0 0 0 0 0 0 0 0 0 0 0 0 0 0 0 1 324007041 275843589 269484176 308605757 323077163 66797967 251380952 278099080 266463541 156490848 
0 0 0 0 0 0 0 0 0 0 0 0 0 0 0 0 0 0 0 0 0 0 1 324007041 275843589 269484176 308605757 323077163 66797967 251380952 278099080 79600332 
0 0 0 0 0 0 0 0 0 0 0 0 0 0 0 0 0 0 0 0 0 0 0 1 324007041 275843589 269484176 308605757 323077163 66797967 251380952 14345355 
0 0 0 0 0 0 0 0 0 0 0 0 0 0 0 0 0 0 0 0 0 0 0 0 1 324007041 275843589 269484176 308605757 323077163 66797967 265726307 
0 0 0 0 0 0 0 0 0 0 0 0 0 0 0 0 0 0 0 0 0 0 0 0 0 1 324007041 275843589 269484176 308605757 323077163 332524274 
0 0 0 0 0 0 0 0 0 0 0 0 0 0 0 0 0 0 0 0 0 0 0 0 0 0 1 324007041 275843589 269484176 308605757 312247380 
0 0 0 0 0 0 0 0 0 0 0 0 0 0 0 0 0 0 0 0 0 0 0 0 0 0 0 1 324007041 275843589 269484176 277499080 
0 0 0 0 0 0 0 0 0 0 0 0 0 0 0 0 0 0 0 0 0 0 0 0 0 0 0 0 1 324007041 275843589 203629199 
0 0 0 0 0 0 0 0 0 0 0 0 0 0 0 0 0 0 0 0 0 0 0 0 0 0 0 0 0 1 324007041 136118731 
0 0 0 0 0 0 0 0 0 0 0 0 0 0 0 0 0 0 0 0 0 0 0 0 0 0 0 0 0 0 1 116771715 
0 0 0 0 0 0 0 0 0 0 0 0 0 0 0 0 0 0 0 0 0 0 0 0 0 0 0 0 0 0 0 116771716 
0 0 0 0 0 0 0 0 0 0 0 0 0 0 0 0 0 0 0 0 0 0 0 0 0 0 0 0 0 0 0 116771716 
