0 1 617145319 344494266 537537508 310008206 764250168 336711723 665317518 369953200 129030278 233169491 181652171 13810773 329554939 601147436 424218139 108853969 690329568 408501197 618860772 155170315 204442617 505304158 399261905 756675512 390527796 350536613 479848645 734562063 558082567 
0 0 1 546341590 346478276 225112677 674453170 490621290 726921949 10401625 769088854 702580128 186010542 394241337 130980321 52536143 77123359 85010867 263068693 550525084 401229581 47324551 335898792 525017046 442579784 487942581 309983496 338018883 18668589 561114289 185717474 
0 0 0 1 546341590 731476589 180391713 522991392 512414102 29234259 298575243 95320891 639424033 89116412 87729216 672215925 137816398 294871157 762910726 715823622 124461344 519421938 624722619 745904869 250549625 210186686 584581165 282120221 329841498 37745896 636791129 
0 0 0 0 1 546341590 731476589 558038346 690114377 403653156 752077863 763450731 321263225 775261810 37577011 16168141 639727021 391690512 678033619 640458695 147659297 280027240 315634680 375972739 540568446 517495727 428650383 352982686 526832842 408710029 379092077 
0 0 0 0 0 1 546341590 731476589 558038346 47496586 266032905 676593623 584260479 601437914 359835643 248738574 59520145 122002815 243035526 417461551 512931567 137197043 663328234 729574184 388119941 331197807 589333731 194914956 624562333 380254774 649293402 
0 0 0 0 0 0 1 546341590 731476589 558038346 47496586 30949435 671332466 557173339 366917082 277214284 400319908 446968267 53338776 54373278 600271595 414647937 42144011 591991268 289474966 344085829 447236247 220126867 126370765 552316692 736395561 
0 0 0 0 0 0 0 1 546341590 731476589 558038346 47496586 30949435 342999215 308748244 287109423 231429133 148488974 623671056 271772183 88501477 280691567 108787688 117069020 309849729 735621000 535611029 172052605 289023273 246649454 538645494 
0 0 0 0 0 0 0 0 1 546341590 731476589 558038346 47496586 30949435 342999215 772459662 634367663 584225758 43401307 421710125 264505651 567976862 429523032 248560367 8670603 634162311 400891020 29891902 625686353 516124077 667543230 
0 0 0 0 0 0 0 0 0 1 546341590 731476589 558038346 47496586 30949435 342999215 772459662 515007665 359472212 293817516 285711333 390558527 716140189 654087778 345597803 251695193 467788787 188766219 150063252 120609407 559935093 
0 0 0 0 0 0 0 0 0 0 1 546341590 731476589 558038346 47496586 30949435 342999215 772459662 515007665 638849892 650084430 488760924 526007195 171887243 723582932 376615591 94020596 65921276 496812604 28454150 523246476 
0 0 0 0 0 0 0 0 0 0 0 1 546341590 731476589 558038346 47496586 30949435 342999215 772459662 515007665 638849892 518393970 741342508 529424476 574487857 273430481 727269412 750422738 449492008 221440884 137678370 
0 0 0 0 0 0 0 0 0 0 0 0 1 546341590 731476589 558038346 47496586 30949435 342999215 772459662 515007665 638849892 518393970 316197572 377722103 261743013 287519559 482421820 13226133 272084697 60105976 
0 0 0 0 0 0 0 0 0 0 0 0 0 1 546341590 731476589 558038346 47496586 30949435 342999215 772459662 515007665 638849892 518393970 316197572 514440030 681339689 317013729 684092454 228299999 107626687 
0 0 0 0 0 0 0 0 0 0 0 0 0 0 1 546341590 731476589 558038346 47496586 30949435 342999215 772459662 515007665 638849892 518393970 316197572 514440030 547875267 432582174 168564548 91361282 
0 0 0 0 0 0 0 0 0 0 0 0 0 0 0 1 546341590 731476589 558038346 47496586 30949435 342999215 772459662 515007665 638849892 518393970 316197572 514440030 547875267 730955878 739541413 
0 0 0 0 0 0 0 0 0 0 0 0 0 0 0 0 1 546341590 731476589 558038346 47496586 30949435 342999215 772459662 515007665 638849892 518393970 316197572 514440030 547875267 692508004 
0 0 0 0 0 0 0 0 0 0 0 0 0 0 0 0 0 1 546341590 731476589 558038346 47496586 30949435 342999215 772459662 515007665 638849892 518393970 316197572 514440030 462393984 
0 0 0 0 0 0 0 0 0 0 0 0 0 0 0 0 0 0 1 546341590 731476589 558038346 47496586 30949435 342999215 772459662 515007665 638849892 518393970 316197572 198844727 
0 0 0 0 0 0 0 0 0 0 0 0 0 0 0 0 0 0 0 1 546341590 731476589 558038346 47496586 30949435 342999215 772459662 515007665 638849892 518393970 515042299 
0 0 0 0 0 0 0 0 0 0 0 0 0 0 0 0 0 0 0 0 1 546341590 731476589 558038346 47496586 30949435 342999215 772459662 515007665 638849892 255446982 
0 0 0 0 0 0 0 0 0 0 0 0 0 0 0 0 0 0 0 0 0 1 546341590 731476589 558038346 47496586 30949435 342999215 772459662 515007665 116307587 
0 0 0 0 0 0 0 0 0 0 0 0 0 0 0 0 0 0 0 0 0 0 1 546341590 731476589 558038346 47496586 30949435 342999215 772459662 631315252 
0 0 0 0 0 0 0 0 0 0 0 0 0 0 0 0 0 0 0 0 0 0 0 1 546341590 731476589 558038346 47496586 30949435 342999215 625785627 
0 0 0 0 0 0 0 0 0 0 0 0 0 0 0 0 0 0 0 0 0 0 0 0 1 546341590 731476589 558038346 47496586 30949435 190795555 
0 0 0 0 0 0 0 0 0 0 0 0 0 0 0 0 0 0 0 0 0 0 0 0 0 1 546341590 731476589 558038346 47496586 221744990 
0 0 0 0 0 0 0 0 0 0 0 0 0 0 0 0 0 0 0 0 0 0 0 0 0 0 1 546341590 731476589 558038346 269241576 
0 0 0 0 0 0 0 0 0 0 0 0 0 0 0 0 0 0 0 0 0 0 0 0 0 0 0 1 546341590 731476589 49290635 
0 0 0 0 0 0 0 0 0 0 0 0 0 0 0 0 0 0 0 0 0 0 0 0 0 0 0 0 1 546341590 2777937 
0 0 0 0 0 0 0 0 0 0 0 0 0 0 0 0 0 0 0 0 0 0 0 0 0 0 0 0 0 1 549119527 
0 0 0 0 0 0 0 0 0 0 0 0 0 0 0 0 0 0 0 0 0 0 0 0 0 0 0 0 0 0 549119528 
0 0 0 0 0 0 0 0 0 0 0 0 0 0 0 0 0 0 0 0 0 0 0 0 0 0 0 0 0 0 549119528 
