0 1 178542032 26268261 122568406 179601645 370406080 394713538 308121251 360204816 149878088 348064758 66263441 86346635 252265057 214138192 120505320 155744633 133862261 99389834 337358128 157264669 270215321 306998049 126272966 226621425 351511331 74632139 19735774 342120806 253283066 179104731 135324894 370672103 242316598 255706146 63534418 146212262 368694411 310527773 
0 0 1 33097522 325536611 374373605 249326327 344674803 57264052 357294098 231812915 220792334 135000521 195966063 98085177 119415184 100213926 96160061 200961464 393961917 217065662 173756803 225237676 10023098 131298554 384647383 60785420 65872102 326648677 265668633 105715538 359356130 365545247 121590353 187676178 316922189 6525438 346700485 80358588 28355466 
0 0 0 1 33097522 351364592 312774728 392010802 80918041 309377604 28930996 95737191 251494540 124928226 276693223 330390013 124355212 276388490 291511992 154002052 78210724 158940086 216767198 314911043 4407563 367059728 321691849 66471453 337474384 267631707 24835310 168507749 81244346 122784948 246845352 307523268 349734948 288524135 341295693 210502021 
0 0 0 0 1 33097522 351364592 84203616 144066435 263244472 366244315 276371175 137942872 236307464 176732165 76351784 128390215 314120346 373351019 138197461 164330012 295133606 353175540 40794306 300117530 303597084 85115878 48729219 87483761 212066334 273688819 104375931 114537931 71324807 118290870 372837296 24480031 315802854 344775500 187390909 
0 0 0 0 0 1 33097522 351364592 84203616 214981786 299838454 347716858 235817485 57511088 292693277 52190706 132983034 382762083 357697834 22386421 55820286 287922984 90942954 235334738 69159236 219048886 93064709 65199546 71766023 279837678 129254166 185643699 158987560 28118992 374717907 166387646 72089987 264717765 194829538 218639557 
0 0 0 0 0 0 1 33097522 351364592 84203616 214981786 304763619 215024986 171481084 325054060 85948431 254988417 177463450 174894231 16391863 322216753 161018645 39500316 344695534 205981357 199289284 203572313 67142730 158400141 218423494 67057854 253419085 128561753 176377183 223549803 339736174 8317155 126802166 228396790 244612426 
0 0 0 0 0 0 0 1 33097522 351364592 84203616 214981786 304763619 266029937 17508981 264977733 228456932 121809618 45598299 117933341 9876257 265924357 225338444 356400913 198693652 205976454 222027133 344146256 289946425 222220360 79926218 24637710 86441622 340960468 55796217 165489897 73002063 305361417 357705710 246131064 
0 0 0 0 0 0 0 0 1 33097522 351364592 84203616 214981786 304763619 266029937 319356393 218511355 95968394 247415397 353109953 336494850 229579850 60177945 386880471 302724958 101344878 56545536 282526659 219737890 85481805 131682291 229529300 384333590 31947028 200654834 333828385 325949803 395372024 171955194 162483816 
0 0 0 0 0 0 0 0 0 1 33097522 351364592 84203616 214981786 304763619 266029937 319356393 3244020 63021813 64179177 230900631 373440733 39797279 221559490 174027018 257949049 217662092 196668064 290913198 372679167 125469897 92643330 299716571 10568773 235826997 389559092 184236588 3607654 273704955 35903031 
0 0 0 0 0 0 0 0 0 0 1 33097522 351364592 84203616 214981786 304763619 266029937 319356393 3244020 174113098 270473617 316918225 347581225 359067403 230829299 217641238 222142479 344087570 240818501 365285368 369912846 244282649 84422402 103173982 266333553 90558019 186662281 307391731 180109487 23534684 
0 0 0 0 0 0 0 0 0 0 0 1 33097522 351364592 84203616 214981786 304763619 266029937 319356393 3244020 174113098 114261865 136219875 210352620 345374024 47497848 63959250 73421277 370231737 96833254 379545956 119625177 175857501 362419186 311401081 163992371 296416367 96122012 277799582 338590518 
0 0 0 0 0 0 0 0 0 0 0 0 1 33097522 351364592 84203616 214981786 304763619 266029937 319356393 3244020 174113098 114261865 382156384 356654980 44061162 52472961 238988616 164711283 7881355 304616327 385882267 61200373 138741733 274633222 241564595 161650186 46361809 193646027 19131298 
0 0 0 0 0 0 0 0 0 0 0 0 0 1 33097522 351364592 84203616 214981786 304763619 266029937 319356393 3244020 174113098 114261865 382156384 234035833 273002942 42512734 166745730 158220799 79798798 92213977 287091265 153011097 182816097 394028075 73026868 339136124 183776612 32781243 
0 0 0 0 0 0 0 0 0 0 0 0 0 0 1 33097522 351364592 84203616 214981786 304763619 266029937 319356393 3244020 174113098 114261865 382156384 234035833 259861428 150115633 356384589 137725212 251175703 17517695 86619387 147648723 369465423 241615540 223706588 58282764 158043676 
0 0 0 0 0 0 0 0 0 0 0 0 0 0 0 1 33097522 351364592 84203616 214981786 304763619 266029937 319356393 3244020 174113098 114261865 382156384 234035833 259861428 303787660 235827144 217186075 316733757 224523704 365464034 293478472 11327162 171345920 240684992 213594542 
0 0 0 0 0 0 0 0 0 0 0 0 0 0 0 0 1 33097522 351364592 84203616 214981786 304763619 266029937 319356393 3244020 174113098 114261865 382156384 234035833 259861428 303787660 47034439 125479905 356008244 244594422 378611339 252642708 91118930 176690036 222333250 
0 0 0 0 0 0 0 0 0 0 0 0 0 0 0 0 0 1 33097522 351364592 84203616 214981786 304763619 266029937 319356393 3244020 174113098 114261865 382156384 234035833 259861428 303787660 47034439 242379460 238435672 107199202 287231778 283213573 39284216 254082404 
0 0 0 0 0 0 0 0 0 0 0 0 0 0 0 0 0 0 1 33097522 351364592 84203616 214981786 304763619 266029937 319356393 3244020 174113098 114261865 382156384 234035833 259861428 303787660 47034439 242379460 341735898 139789375 90573359 17427392 224268292 
0 0 0 0 0 0 0 0 0 0 0 0 0 0 0 0 0 0 0 1 33097522 351364592 84203616 214981786 304763619 266029937 319356393 3244020 174113098 114261865 382156384 234035833 259861428 303787660 47034439 242379460 341735898 313569162 144257996 14231260 
0 0 0 0 0 0 0 0 0 0 0 0 0 0 0 0 0 0 0 0 1 33097522 351364592 84203616 214981786 304763619 266029937 319356393 3244020 174113098 114261865 382156384 234035833 259861428 303787660 47034439 242379460 341735898 313569162 158489256 
0 0 0 0 0 0 0 0 0 0 0 0 0 0 0 0 0 0 0 0 0 1 33097522 351364592 84203616 214981786 304763619 266029937 319356393 3244020 174113098 114261865 382156384 234035833 259861428 303787660 47034439 242379460 341735898 76405889 
0 0 0 0 0 0 0 0 0 0 0 0 0 0 0 0 0 0 0 0 0 0 1 33097522 351364592 84203616 214981786 304763619 266029937 319356393 3244020 174113098 114261865 382156384 234035833 259861428 303787660 47034439 242379460 22489258 
0 0 0 0 0 0 0 0 0 0 0 0 0 0 0 0 0 0 0 0 0 0 0 1 33097522 351364592 84203616 214981786 304763619 266029937 319356393 3244020 174113098 114261865 382156384 234035833 259861428 303787660 47034439 264868718 
0 0 0 0 0 0 0 0 0 0 0 0 0 0 0 0 0 0 0 0 0 0 0 0 1 33097522 351364592 84203616 214981786 304763619 266029937 319356393 3244020 174113098 114261865 382156384 234035833 259861428 303787660 311903157 
0 0 0 0 0 0 0 0 0 0 0 0 0 0 0 0 0 0 0 0 0 0 0 0 0 1 33097522 351364592 84203616 214981786 304763619 266029937 319356393 3244020 174113098 114261865 382156384 234035833 259861428 220038288 
0 0 0 0 0 0 0 0 0 0 0 0 0 0 0 0 0 0 0 0 0 0 0 0 0 0 1 33097522 351364592 84203616 214981786 304763619 266029937 319356393 3244020 174113098 114261865 382156384 234035833 84247187 
0 0 0 0 0 0 0 0 0 0 0 0 0 0 0 0 0 0 0 0 0 0 0 0 0 0 0 1 33097522 351364592 84203616 214981786 304763619 266029937 319356393 3244020 174113098 114261865 382156384 318283020 
0 0 0 0 0 0 0 0 0 0 0 0 0 0 0 0 0 0 0 0 0 0 0 0 0 0 0 0 1 33097522 351364592 84203616 214981786 304763619 266029937 319356393 3244020 174113098 114261865 304786875 
0 0 0 0 0 0 0 0 0 0 0 0 0 0 0 0 0 0 0 0 0 0 0 0 0 0 0 0 0 1 33097522 351364592 84203616 214981786 304763619 266029937 319356393 3244020 174113098 23396211 
0 0 0 0 0 0 0 0 0 0 0 0 0 0 0 0 0 0 0 0 0 0 0 0 0 0 0 0 0 0 1 33097522 351364592 84203616 214981786 304763619 266029937 319356393 3244020 197509309 
0 0 0 0 0 0 0 0 0 0 0 0 0 0 0 0 0 0 0 0 0 0 0 0 0 0 0 0 0 0 0 1 33097522 351364592 84203616 214981786 304763619 266029937 319356393 200753329 
0 0 0 0 0 0 0 0 0 0 0 0 0 0 0 0 0 0 0 0 0 0 0 0 0 0 0 0 0 0 0 0 1 33097522 351364592 84203616 214981786 304763619 266029937 124457193 
0 0 0 0 0 0 0 0 0 0 0 0 0 0 0 0 0 0 0 0 0 0 0 0 0 0 0 0 0 0 0 0 0 1 33097522 351364592 84203616 214981786 304763619 390487130 
0 0 0 0 0 0 0 0 0 0 0 0 0 0 0 0 0 0 0 0 0 0 0 0 0 0 0 0 0 0 0 0 0 0 1 33097522 351364592 84203616 214981786 299598220 
0 0 0 0 0 0 0 0 0 0 0 0 0 0 0 0 0 0 0 0 0 0 0 0 0 0 0 0 0 0 0 0 0 0 0 1 33097522 351364592 84203616 118927477 
0 0 0 0 0 0 0 0 0 0 0 0 0 0 0 0 0 0 0 0 0 0 0 0 0 0 0 0 0 0 0 0 0 0 0 0 1 33097522 351364592 203131093 
0 0 0 0 0 0 0 0 0 0 0 0 0 0 0 0 0 0 0 0 0 0 0 0 0 0 0 0 0 0 0 0 0 0 0 0 0 1 33097522 158843156 
0 0 0 0 0 0 0 0 0 0 0 0 0 0 0 0 0 0 0 0 0 0 0 0 0 0 0 0 0 0 0 0 0 0 0 0 0 0 1 191940678 
0 0 0 0 0 0 0 0 0 0 0 0 0 0 0 0 0 0 0 0 0 0 0 0 0 0 0 0 0 0 0 0 0 0 0 0 0 0 0 191940679 
0 0 0 0 0 0 0 0 0 0 0 0 0 0 0 0 0 0 0 0 0 0 0 0 0 0 0 0 0 0 0 0 0 0 0 0 0 0 0 191940679 
