2
50 50 100
((()()(((()(()((()()))((())(()))(()(())))((()))((((())()())()))()((
(()(()(())()))()()()(())
()(()()(())((((()((()(()))(())(()))())()()(
((()((((((()))()))((((
(
(()(
((())((())()(((())()))))(((((())))((((()()(())))())((()())))))((
()(())()(()(()()()((((())())(()((()(()((((())()()((()))))()))()(()((((((()))((()))())))))(()((())()(((()()(()))()(()(()())))())))())(()))))
((()())()()()())(()(()((())(((())((()))(
()(()())()((())())(())((()))()()()()()()(())(()()())()()(()())()((()()(((()(()()))())()((()))))(()(((()())))(()(()()))(())))()()((()(((())())()()))()(()()((()(())))))()(()(()(((((()((())()))()))((()(()()((()())((((((((
()()((())())(())(((((((())()()))(((((()))
()
()()()()((()(())((()))()(()(())
(()())(((((((()()(()))))()(((
()()()()((()))(()())()(())(((())))()()()(())()((()(())()((((()(((())()(
()(()())()(()((())))()(()
(((()((()))(()))()(()())(()))((())))(())((
((()(())()
()((((((((((
(())()(()()(()(()))(()())((()((())))(())(((()))))((()))()(()(()(((()))(())(()()(()()()(()))(()
()()()()((((()(()())((())()))())((())()()()())((((
()()((((()(((((())((())(())
((()(((()(()()(()))()(())(
(()())
()(()((())()((((()(((()))(()))()))))))()(())()()()
()((()))()(()(((((())
()(((()((()()()
((()))()()(((()))()(())()()((())
((()))()()()(()((()()()))())()((())(
()((((())(())())()(())))()((())((()(())(())((())(()))())))(
()(()())((())(()())())(())()(())(()((()))()()(((()()(((()))(())())((()()()))(
()()()(
()((()(((((())())()((())))(((()(((())))()))(()()))(()))))()(()(())()))()()((()()()))(((()(()()((())()(()()()()(()(((())()))(())())(
((((()((()((()((()((()(()))(()(
(())((()))()((()(()()()))(()()()((()()((((())(())()()()))((((()())()())()((()))(())))((()(())())((()(()(()(((()((())((()(((()(()))(())()(())((((((((()())))(()))())()((()((()(())((()(()()))((()(()(
()(())()()()()((()))(())(((
()()((((())))(()()()))(((()())(()()(((()))(())))(())(()()())(((()()))()())(()))((())()())((()(
(()())(())(()(()))()(()()(())
((((()))()((()(())))))(((()())()))(()((()()())))((())((())(())))()()((()())())()(
()((()((((()((())())()((()))((()()))(()))(()(()())))()))()(
(((()()((()((())())())
(()()())(()()(
((())(()))()()(())(())()((()())())()(()()((()()()))()((((())
(()())(((()))
()(()(()((()(()()()()()((()(((()((((())(())((((()))(((()))
()(
(())(((
(())()(()()(((()(()((((()))(((())))()))(())()((((()()())()))(()((((((()(()()
()((()))()()()()((())()(((())((())())()((())))(()()((((()()))((()((()())))())()((()(((()))())))))(()(((())((()())(()()(((((()(()))())(((()()()()()())()))())))()(((
(((())((()()(((())))()()()()()((()())())()))(())(((
))))((((()()()((()))())))()((()))((())(()((()()))()(()()
((
(()())))()
((()((()(()))((())())(())
())(()()))()(()()()
())()(((()))())(((((())()(()))))()))()))((()()())())()())))()((())((()(((((())()()((()))(()))()())(()(()(()(()(())((())(()()(((((()(()))
))))())))((((((())))())(((()))()(((()(
(())(((((())(()(()())()()())(()))()())(()()(()())))()))((((((()()()(()))))((()(()(((()))))(())
(((())()()(())(()(()))(())())(()()()()))(()))(()(()((((()())((()())
((((
(())()()))()))))()(()())()
()()(())()()())()))((((()())()(((
)())()(((())(())())(())))(()))
)(((())))()()(()))
)(()(((()()())((()((())(()))((())()()((()(()))())((()))()())()((())))))))(()))()())()(((()))()))())()()))((((()())((()()))))(()))()(()()(
()())((((()))(()())(((((((((((((()))))()))))))(())((()(()(((((((((())(()((()())((
)()))))(()(()))())())((
)(())()(()(((()(()(()(()))()))())(()())()(())(())()((((())(
))((()(((())()()((((()()()()((((())())(((()())
))(((())))(()()())())))(()(()((())(()))(()))(()))))(((()()()(((()()((()(()()()())))))(((()(()))()()()())()))()))(((()
()(())((())))))))(((
(((())))()(()(()())))))))())((()())()))(((((()(()
())())((()((())(())()))(()(((()())(()(()()()())))((((()(()())
((()()()()(((()()()(()(())())))((())(()()))))))))())))()
()))()))))(())()))))())())))((())()
))))(((())))))))((()())(((((()())))(()(()(()()))))))((())(((()(()(((
())(())())()((((
()()()())()))((())())(((
)()(((()((((
()(())()())()))()())((((())(()()(())()())))()()((
)((()(((()))))))
(()()(()(((((((()()))))()((()))))(())()(())
)()))()(
)((()((((
)))())(()))())))(
)()())(()((((()))((()())(())(()))))))
)((()(((())()((()()))()(()(()))))()()))(()(((((()()))((()(()(((())((()((()))()))())()()(()((()))(((()()()((())))))()(()(()((())()()(()((()))(
(()()((
(())))(())()))((((())))())(()(())))((())(((()(()))))(((())()(((()))()()(())())))(()(())))))))()()()))))))))()(())))()))((((()))(()()(())))())()(()
)(())()()((()(()((()))()))()()
))(()))))(())))(()()))))))))(
)())(()(())())(()((())(()
)(()))()()()()()(())())()())()()((()((((((()((()))))))))(()))(((()(((())((()(((()()(())))())(((()())()()()((((()))()(()))((()()((()(()()((())))(()())()(()))()()((()())(()(()))()(()((((()))()))))()())()()))
)())((()))(()())))((()()(()))((()()()())((())())((()))())))))()()())(((()())))(((()))(()()(((()
)))()))()()))(()()()((((()())))))(()))(()(()()))(()()(((((
((())))())()))(()(()()))))(((()(())(((
))(
))))(())))()(())()()(((()(((((((()((()))))))(((())())
(()))())(()))(
())))))((()((((()()((()))(()((()(())))))))(((())))((()((((()()))))()())))))()))((())))()((())()()(()()(()))((()())(
