100 100 0
100 99 98 97 96 95 94 93 92 91 90 89 88 87 86 85 84 83 82 81 80 79 78 77 76 75 74 73 72 71 70 69 68 67 66 65 64 63 62 61 60 59 58 57 56 55 54 53 52 51 50 49 48 47 46 45 44 43 42 41 40 39 38 37 36 35 34 33 32 31 30 29 28 27 26 25 24 23 22 21 20 19 18 17 16 15 14 13 12 11 10 9 8 7 6 5 4 3 2 1
62 100 90
96 100 27
38 100 49
76 100 30
31 100 35
71 100 50
68 100 12
47 100 82
47 100 60
99 100 83
3 100 75
23 100 15
36 100 9
13 100 31
71 100 94
47 100 87
91 100 24
68 100 3
57 100 53
5 100 67
82 100 39
88 100 43
66 100 83
67 100 98
69 100 82
55 100 29
68 100 57
59 100 98
55 100 31
28 100 61
39 100 97
29 100 83
49 100 83
82 100 4
77 100 7
39 100 52
61 100 55
88 100 64
30 100 52
100 100 88
80 100 61
20 100 80
6 100 46
80 100 26
44 100 48
27 100 28
28 100 12
65 100 55
65 100 34
50 100 8
84 100 69
6 100 87
59 100 69
58 100 97
21 100 83
14 100 10
29 100 1
58 100 11
50 100 1
85 100 80
50 100 11
47 100 88
49 100 6
84 100 12
88 100 37
75 100 72
59 100 73
25 100 64
63 100 56
81 100 84
84 100 98
66 100 60
53 100 33
83 100 30
47 100 48
16 100 68
51 100 92
74 100 9
40 100 22
90 100 31
57 100 81
49 100 20
17 100 99
96 100 5
42 100 56
97 100 19
67 100 43
62 100 84
92 100 93
31 100 97
26 100 80
10 100 48
2 100 85
52 100 6
7 100 88
49 100 19
10 100 69
69 100 48
79 100 60
73 100 39
