100 100 0
137125 1177 186788 2996 150353 10869 103842 1953 158953 1407 153817 12687 136628 16632 136747 11108 116578 9482 137615 14536 131304 18096 101030 161 171300 10575 110319 13092 187858 9390 128991 17456 104761 17282 118397 8367 156962 17627 146842 15980 190716 3681 138781 16437 100503 4712 146723 17653 185915 18099 117511 9812 148193 4442 159816 10430 195469 18122 189702 12117 112476 1524 124282 17924 180810 10804 172938 15694 150319 17672 186700 8105 166764 2883 147791 17380 187082 620 139062 11553 193801 4264 121157 4572 161723 12100 163766 10675 142707 9402 123557 14128 186308 8924 165249 17030 109324 9887 197850 2468
27 33 163659
99 100 137319
68 88 155916
71 100 177388
89 94 43355
40 94 128784
49 64 194336
34 54 73356
72 80 31567
80 88 126660
25 95 15979
34 74 193851
71 93 72635
68 95 84909
38 64 34719
15 67 107534
86 86 173462
6 33 103657
67 85 87035
61 66 86684
28 45 187048
84 100 6892
79 90 180971
99 99 150358
62 69 115251
6 46 50819
60 67 80497
32 47 45379
29 78 36131
99 99 24981
74 76 124066
22 59 97841
42 77 163272
49 55 36238
8 88 181836
57 65 14108
84 92 89446
44 91 64930
93 94 114311
47 62 139235
51 79 22473
76 92 2747
62 68 73241
37 65 125672
19 92 177687
10 23 77524
25 83 28243
54 79 184963
41 46 176611
23 74 113007
49 60 183121
47 100 61894
61 86 48742
87 87 46823
85 92 20702
92 92 5202
58 58 155192
94 95 42912
41 84 44708
33 44 43183
43 73 61097
19 70 49272
33 98 106531
90 98 49756
61 78 124462
46 80 38943
46 57 45545
83 85 150981
97 100 13811
15 31 88632
42 86 114058
51 58 54240
74 79 132700
54 77 158975
94 97 90858
61 100 42620
72 73 156947
57 58 39652
19 87 182639
21 23 155593
83 94 96402
95 95 198156
73 82 180605
96 99 27728
5 27 141955
7 72 47288
14 53 59604
23 80 112422
66 67 108757
21 30 151334
87 87 19689
67 85 189144
17 86 39831
1 78 137101
12 81 33963
29 50 38218
9 46 1018
69 84 143775
31 62 147558
50 82 11247
