715
2 2 2
551948346 319959004
633739019 575694604
10 1 1
12753219 3753995 672949626 522483182 726366519 200936418 769614258 424267462 289481953 156759657
485077028 746482832 403632549 610088209 957770940 167398721 73772443 58315401 964624358 424760600
1 1 1
377323537
139334064
1 1 1
548556993
760303147
6 3 3
978523538 329688536 636205403 152611085 368633812 738197571
351893338 260040908 136921584 795536873 460996823 676983258
2 2 2
938545062 986720303
908963072 871633875
4 3 3
342324872 146270082 605482063 283513105
326081954 617208998 274348804 965487216
1 1 1
673394294
635570982
7 6 6
310613578 379318459 21933274 783347067 516997271 501634349 918488447
572768037 235600991 146370799 865372936 850885747 579043368 910310913
1 1 1
285171867
694700086
1 1 1
23035091
230703181
1 1 1
576258608
113127835
1 1 1
610712337
942936306
4 2 2
418862568 263768050 140685303 232374402
396698753 976632084 672057501 607624627
2 2 2
384741539 253292676
410875989 812068927
1 1 1
832151599
979061357
1 1 1
955226556
245900558
4 4 4
273159232 84197516 407955442 36926993
681846355 757793435 625520661 757219161
6 3 3
158143287 92478947 331536778 340357939 904737875 69229889
656880631 610344554 694013492 190740486 403574943 316703702
3 1 1
222014013 89565620 755579834
796633169 540745040 680139783
2 1 1
111373055 518052035
487451491 161442963
1 1 1
758209304
634423912
2 1 1
836679421 206857426
99183842 958972871
3 3 3
575474032 168534028 953608595
705538952 761072003 539009428
1 1 1
152416694
154001050
1 1 1
351636574
87908422
3 3 3
60977997 932268085 856841028
874486488 416811737 692197546
2 1 1
740648039 441316882
511761899 627550176
3 3 3
908645049 941132806 269330985
803528322 87059423 777446412
1 1 1
962345121
477478900
4 4 4
330360318 479764942 222159756 315320743
578072625 74502719 578197118 266976576
6 6 6
486874484 131912308 955404172 174575550 11333021 604092489
946172206 42612337 449630307 71084570 704965504 786681277
4 2 2
860783474 939334857 640258228 119998860
120523567 212884219 807545736 77341860
9 5 5
758954476 658587909 629330192 116602657 791173044 264201172 692556858 674650188 28261890
808758950 986851892 19315381 351993811 363589529 426903672 828347349 260227913 866101306
5 5 5
416898185 940375237 475154420 261007509 386981163
435770237 410956039 900088038 207758584 201100625
1 1 1
252079583
566909394
3 2 2
745512406 598313863 308849577
931705192 278637059 83205451
3 1 1
521807820 219070494 691202487
960695747 557960440 741596952
4 2 2
998469592 145813702 163863064 180870521
757793313 343257731 676214700 340529270
1 1 1
608538297
592584549
1 1 1
995109791
984272425
1 1 1
807500446
231717817
4 2 2
534174192 891003401 517733677 745725416
376331491 357616405 797596845 990126318
2 2 2
951593808 225941277
385393464 758438402
4 3 3
893922128 247561138 905836408 418863099
970691267 918616203 498680428 705579478
3 3 3
785616246 489733110 548818433
679070648 592458515 8522869
1 1 1
263119771
634196563
2 1 1
113923525 807490343
579045624 965706476
1 1 1
74084001
973411264
1 1 1
16561698
487067884
2 1 1
737134588 992690445
488741798 479965397
2 2 2
99653796 843507845
423737180 89279763
1 1 1
318214349
499924551
1 1 1
667463488
471260472
4 2 2
672541036 584734910 668069654 988336362
419637379 458232640 805334923 983304041
4 1 1
461898076 927626551 198623696 617517150
162764797 826376347 210886693 236465273
2 2 2
180893130 823939217
577277326 131036590
3 1 1
885395290 516687531 546211346
435033439 443851986 580610561
2 1 1
49105042 89016511
830663688 308533657
5 5 5
148871264 689772335 599435885 263668946 637661875
240573110 138625948 826160686 275050981 941526345
1 1 1
960258126
525607240
2 1 1
103982233 513587131
145931431 805192463
2 2 2
791834484 240429463
653810491 142313177
1 1 1
8447
85111574
1 1 1
85020663
288728646
1 1 1
208397795
590325069
3 2 2
221252110 763412234 507609893
535023281 982791627 107285854
1 1 1
323804547
817675161
1 1 1
438880857
285661798
2 1 1
682457128 334922630
965107561 78212910
2 1 1
564408941 459716136
458629490 41308432
1 1 1
68439127
269361851
3 2 2
186313341 619343253 600128607
828728884 120146133 773186522
2 2 2
716421848 939461482
227663001 8905599
3 2 2
90792164 612484112 749935323
103989841 469635021 572877045
11 8 8
84999601 807301606 213205699 919510116 73687239 429259445 27546012 206280301 908964991 317960021 161028041
644351090 599508216 890406216 914337195 198298915 808808198 580608970 765078086 269932017 581674136 118450702
6 5 5
869901425 134226651 180163127 316300203 622262178 18279137
192723067 300726795 940155384 643905659 994692089 654275617
5 1 1
778189640 732731017 788833598 992112064 21137136
882672332 923653611 179250771 534499239 739303152
12 11 11
458861258 630889872 822429298 396712396 671531526 37448212 159196271 354762398 207191353 786739108 748723744 266917206
359451405 512685221 697273550 804456715 594919485 967075060 780855323 769019480 729114260 419370227 608896087 872380527
1 1 1
400411151
543413954
1 1 1
937709098
111162086
1 1 1
680466897
305567514
2 2 2
387288835 269542315
142172619 282671743
1 1 1
994012838
848550789
1 1 1
946774698
488019873
4 4 4
450686623 906206660 411191520 123987539
717350533 582727186 585751493 380925824
1 1 1
514527768
327085194
5 4 4
888286985 349353552 150477991 600226553 812614685
462891136 591737024 687887666 975176732 858344960
2 1 1
97590485 642063416
959589572 568027234
4 3 3
199806511 852773916 439874311 542532170
4630163 300291995 912671200 880392884
2 1 1
110376992 961240205
260540194 636878839
4 3 3
983650691 845198902 997545026 960164901
911531573 174731906 450221269 891710282
1 1 1
750194820
507135874
1 1 1
229734895
912873538
1 1 1
216107314
975660
1 1 1
229290449
711208668
1 1 1
73151374
334432565
2 2 2
586738652 962426288
392783981 796283888
1 1 1
998215108
128857769
1 1 1
695246946
375579355
3 2 2
812648734 755502798 234567744
115550334 846690531 734756704
11 2 2
744130752 420032138 222501976 842272515 417884935 221893336 328178399 61001607 860121320 207953342 878490664
883299940 378819095 89213029 232405777 282333865 834268810 923936661 965951910 634293079 768839480 886528454
7 2 2
222328348 647960560 362618290 218860333 911725565 302920481 765706991
945714178 689836178 991672626 476390112 595481059 425646453 863578143
1 1 1
426682687
4565455
1 1 1
599111295
880104839
4 1 1
991007511 744760130 863009969 852982652
526367683 467491048 392770757 334376352
10 5 5
968141147 447083476 348379499 450958405 381202100 594004627 138371851 3454673 689032310 937588321
995898179 781882098 128064715 343106860 925749609 971279126 529417070 192852631 713958223 641365607
1 1 1
685793145
819256527
11 4 4
770175012 39197554 256519092 763082708 431959054 192727699 652045362 917956811 20963512 165778405 333571790
460476207 341108833 890900958 395940779 816713746 912652201 870617001 404847503 548886463 591214439 757949800
1 1 1
171155538
491102869
2 1 1
85772184 287814518
974305049 394953074
1 1 1
586704075
676487597
1 1 1
439586342
881924705
7 1 1
385972883 997935044 931218206 801225852 233625857 223015611 740663132
271227596 251926368 57456038 172292262 867952718 573734068 343197424
1 1 1
759786519
73989546
1 1 1
820674544
482062849
3 1 1
812853064 45389121 183790010
641203415 52796078 860748919
3 1 1
701625168 932993896 701861929
330489973 548571010 645040697
6 3 3
486707854 868065918 521091682 694498587 92417331 386050330
908391000 752552766 724197240 486356012 169964128 426938002
1 1 1
657648867
765227127
2 2 2
317902219 337618376
50488422 187730699
2 2 2
646966743 370217125
984515671 271767786
2 2 2
627627385 496305928
244128390 170553947
6 1 1
207127798 42533858 496810650 437520698 25631367 545346403
458716197 583776003 924428929 681821062 30804472 375721230
6 1 1
407786832 246762052 285623834 598447358 225781479 905937109
788321982 704055619 747576286 727132910 54565640 647974262
1 1 1
326685957
668370924
1 1 1
681648105
820386572
1 1 1
638068562
696856058
1 1 1
664014635
376186105
1 1 1
557293902
103935650
4 2 2
425599448 238979038 656801819 777268194
984519845 585331782 432882308 653992371
3 3 3
81492915 841674268 450994344
117257396 906473368 48640707
6 1 1
897541498 558998250 578653724 383021212 643520534 415531589
338653001 381221974 713048227 657695175 622113697 783612345
1 1 1
991863488
106321742
4 2 2
348178751 533287104 481880811 193061085
970057275 381705336 897061169 779338520
7 3 3
626566883 146462270 108056886 727865285 304469401 167850558 999459577
732366721 270231398 681370815 541810090 815114097 136689601 496375619
3 2 2
518247497 788928609 599955030
401206355 980111951 86425707
2 2 2
815516764 108845919
646014606 914948981
6 2 2
646703626 438466026 369984194 168919808 276458506 232577763
713185786 235215465 756672882 773744942 466609094 789940826
4 3 3
527653875 937257334 153130349 373359412
708934257 314806750 771411170 461627585
6 2 2
910353684 317075900 300119000 398993608 216850752 198432836
483476685 24568235 984184137 883925326 702388593 144833432
1 1 1
516205531
33527440
1 1 1
879157557
144615737
3 2 2
215544017 434510316 604337205
5780135 890571051 608510666
5 5 5
79936248 860050852 123542543 287565299 209511304
86076616 758991856 404557287 88646902 543269915
1 1 1
369434876
275106257
2 1 1
216543273 60531619
897046302 101457208
5 3 3
771460943 235571396 542018036 274722776 381220672
231485437 545506822 873483551 528134455 293079063
2 2 2
228256343 791390703
661353152 951312135
1 1 1
385017044
500879693
2 1 1
116903062 929121953
406849797 726259515
3 2 2
253749213 859147364 600011061
7073391 421920999 406909462
4 2 2
561098581 37443116 928194739 219614275
407651403 294264254 621205302 969735305
4 4 4
47427984 524058679 962743263 103792441
136090037 62220402 603289276 17058441
4 4 4
225886339 675014581 188969928 790044321
357537589 643823145 600234607 197996918
3 3 3
55158300 167266926 15834764
961397630 973031593 557899342
9 8 8
369137494 945693570 819072744 309119538 601714175 74476078 172848897 632997312 131404447
776568102 812479687 879996192 383671032 158646555 50394337 612053500 742346969 623645547
2 2 2
628706844 661989835
35356927 717449135
3 2 2
531120931 630961711 909968360
643437692 266907912 539114003
1 1 1
881961211
25656468
2 1 1
639977724 265267946
178100630 34259627
2 1 1
497278349 367442939
58087646 15562760
1 1 1
673385107
920414037
2 2 2
678006527 347967991
807125598 207059378
1 1 1
379652881
498192580
1 1 1
582092723
826395349
2 2 2
416903936 175217764
673195970 924039679
6 5 5
587075494 293894100 359839946 325680915 326231070 549315841
960444011 829823458 208772085 857024195 758865192 76110138
2 1 1
745945372 99101326
3093461 664681061
2 2 2
582765140 955327591
224014675 334910399
8 4 4
61577863 795401667 783069561 872253029 134408310 529364827 210532371 799563973
812859842 859111888 629536519 340724299 126731548 112918345 11172283 911481382
5 4 4
228676159 277739706 576539094 740248664 813605265
720728116 16204529 277645964 112367885 379621859
3 2 2
229899036 856747464 973676098
62027506 930403138 988318694
2 1 1
605768674 171516120
54742295 343123489
2 2 2
408532553 152221981
850099277 22710333
3 2 2
649086695 724721906 123099804
154256901 424341304 150080790
3 3 3
852105288 753785610 711988029
195636305 355056030 496256423
1 1 1
690437851
681774134
2 1 1
538354664 987918178
891589050 627049231
1 1 1
460302490
605485803
1 1 1
838106184
575431325
2 1 1
640367730 506218364
772381790 107806394
1 1 1
906441000
841829173
2 1 1
956542896 367046107
602189771 854046905
6 5 5
86642109 808266603 195143568 191740466 826217102 508684594
671037363 781858859 817502278 671407099 226000045 277752522
4 4 4
629172378 113008000 269649927 500100187
675824975 687190127 429665789 889829658
1 1 1
348973951
625131473
2 2 2
838152515 883111001
489598177 449315425
5 1 1
621575387 181891688 555203582 726211543 785266283
965193460 424987183 810836745 649399231 130493280
1 1 1
598959943
632916196
1 1 1
37537590
120292915
2 2 2
743800281 86535203
886841081 784043005
2 2 2
583057379 954363859
433583832 113954793
1 1 1
536716998
403795176
3 3 3
902478157 777448987 303870429
45275957 778546136 143026506
1 1 1
28111606
321358297
1 1 1
904184944
657729261
1 1 1
733089036
183291299
4 4 4
51324942 406037445 684222171 942341443
669257317 695976434 769659737 208623626
7 2 2
365721176 636248232 272249690 488150387 236541193 732309933 254035863
920816546 8871394 254071813 73030286 755904349 146115503 224043071
2 2 2
808067857 446287485
989847176 296724891
1 1 1
447146631
798574708
1 1 1
539511472
636689751
2 1 1
655614192 13080866
702462308 149904784
3 2 2
263372573 375923223 269615448
972342168 449436066 111528620
2 1 1
34282276 534813427
128216549 97317413
2 1 1
432855493 967933540
777464746 569774456
7 7 7
307281693 982591124 310351621 882272866 657625943 85791783 135700929
816537298 539496409 647273009 462326445 945588491 230726395 857698860
2 1 1
250339625 408597489
257722140 188095192
7 1 1
838939607 850490757 419611003 644559644 938139373 463427911 613989349
628661853 75914229 824153680 95794199 535961498 732953711 865216410
2 1 1
731868578 63253413
220248449 563286791
4 2 2
242077439 590862722 563702369 95265701
96562544 814255596 310893912 201335869
9 1 1
326113178 602129937 505605314 612821433 340800105 704714722 96553500 983342168 346011732
20284567 337592317 706562447 131873345 9474931 462556993 674458780 278891407 274392984
2 1 1
785611847 507156141
662521398 47757192
3 3 3
36237395 346159883 529358841
419116138 713943410 594817552
2 2 2
917964911 865252499
631335481 506914427
1 1 1
523038499
45902275
5 4 4
918125791 394000479 621160502 974229210 578550899
62106309 897890251 606935384 629001588 315516942
2 1 1
672353218 354952683
226184176 923891985
2 1 1
637770421 139152070
365639293 436256386
3 1 1
85388252 807993776 794428538
807554729 238284808 107550202
1 1 1
828096895
865995677
1 1 1
445116982
994962383
3 2 2
876457801 728259876 257352929
715134884 398788586 53029968
3 2 2
143530369 108779527 874534340
45541097 659419692 710825191
7 5 5
978429566 878723102 793429076 197035943 116019366 334151069 344756024
602795179 929233370 4281475 269285157 756810450 206296624 344070184
1 1 1
705825728
440467292
1 1 1
32086718
169187131
1 1 1
405913741
26814746
6 2 2
145475712 599628122 298025133 304904734 405734691 857367384
851374079 531249072 569241010 422768810 927975289 279887008
6 5 5
393503358 459616170 434651540 332284810 52828902 139592797
889877579 113203712 468638435 216930122 772372435 44740941
1 1 1
81946578
387846058
2 1 1
633693986 418799868
731529446 35173787
1 1 1
657132335
102394631
2 2 2
57889816 374771661
571457747 542450809
2 1 1
792875728 348825458
772534549 840392201
2 2 2
25952351 190965277
702671569 208973400
1 1 1
187790870
830138510
2 1 1
75605668 736071232
756400308 482403786
3 2 2
514982853 467241080 965438821
72959122 875867176 31789891
4 4 4
949982193 643606251 493277741 503591550
167431128 525441140 18272593 546795191
3 3 3
712048659 377498982 225897071
933398213 562161954 174910167
1 1 1
817777991
634658210
5 2 2
618808223 66259008 715776000 849561130 356228517
300922248 665171105 99330032 790716005 169860757
1 1 1
60431476
655453450
6 6 6
691356259 912410411 415395321 162560269 790736309 373166770
366144232 292069471 867668921 31769638 987096540 879220212
2 2 2
77021662 96771064
190006898 648910915
3 1 1
475553716 189841120 750423585
484824809 532157477 20946994
1 1 1
845337950
772766693
2 1 1
90861510 56454108
806663232 922682000
1 1 1
729455439
627347844
3 3 3
94975436 186959258 208410144
41478001 487711913 103804122
3 1 1
403152448 903413288 934742343
882419640 324422535 835962749
1 1 1
269104856
236166737
3 1 1
632643620 919066576 485272426
649501259 180737682 831898377
2 1 1
547821768 648272234
991127417 910268710
2 2 2
138108789 232138497
512637096 967113479
1 1 1
389258971
804604166
8 6 6
449459318 858485773 572752165 38421698 823208771 682388957 389998024 215527398
238679661 901142740 168078263 871600637 392591561 576910880 78815979 972415202
1 1 1
91997443
303983789
1 1 1
238215076
55942238
4 1 1
816265993 228038204 997813393 386748754
888096904 437607249 857660543 902396480
1 1 1
765776199
390964957
1 1 1
48609777
455651525
2 1 1
701874515 208617547
163755037 481932602
11 11 11
605262456 625275726 417755344 384867425 612342448 536129447 8835054 100060373 171376725 12384046 948681077
978042552 909388595 231567105 731605417 277940168 485258445 398940620 964763661 15117626 573100574 959472462
3 1 1
295508726 486515266 646696002
112964264 92376551 496156091
1 1 1
937074067
460806514
2 2 2
689792657 495879346
668295770 453022810
2 2 2
479058383 759083589
173380955 743462868
1 1 1
256308799
128102482
4 2 2
155119032 613400833 258216519 527423111
882776478 884005451 877752302 710366506
5 3 3
976850517 491129289 113370084 279534970 549301385
204643960 837500305 45288833 122989095 407565079
4 1 1
258926637 331276405 12298027 627147086
78383572 917519908 186500325 57811274
2 1 1
612331320 421847548
882097701 134252242
4 3 3
894839925 589724605 419901806 3669813
464031251 866729413 965727725 749417681
1 1 1
36874526
99083420
5 3 3
561308670 176647944 705462501 719745051 291707949
860212231 15614706 991860006 733735535 253646898
2 1 1
658698293 14700056
173819293 809094654
1 1 1
350724842
195496053
1 1 1
180318805
227886241
1 1 1
684092763
460548132
2 1 1
596663000 335095584
469852966 397674926
3 1 1
284334277 665548466 296824959
92154391 96343313 239476076
5 3 3
332416697 604092409 620943668 224245718 82594253
441583841 41649038 15128389 67402520 537865497
1 1 1
251007358
908748507
2 2 2
146242837 935797649
483847185 988985016
3 3 3
566561104 309121514 937211902
54096604 157911898 515095944
2 2 2
264430882 214656347
346251261 945983517
4 1 1
506478098 849830657 312339512 295587890
422585334 551964754 904829969 918174104
3 1 1
699720541 792363803 294561011
429370736 948450217 681367680
1 1 1
6654517
591495822
3 3 3
681047098 353155093 713045097
230472434 195550364 324232526
4 4 4
929768330 238867766 784213759 875553307
868562257 976581197 493917855 205130670
1 1 1
215246396
507152454
1 1 1
356397724
875735220
3 1 1
684406060 929831604 546943228
162944135 173365015 145274513
6 1 1
83858135 748401525 110957565 878415027 253709250 960288204
925652202 300211100 409227139 128394074 927580541 585242550
5 5 5
941915861 185689159 693448626 749669727 290486140
318684335 222598873 525393734 974534310 692336215
2 2 2
745950606 165113567
155543779 359368762
2 1 1
974360580 873611052
421183074 863629328
4 4 4
7474354 124239290 558414624 86021905
279859183 951653400 943112725 761829529
5 1 1
718730187 694813314 956150745 663649894 313862790
398771389 443649190 540843568 818648029 285026005
2 1 1
780106399 400590670
480755540 49561317
4 1 1
284122670 130089552 802561416 273677172
769281317 14490645 949250426 993599742
2 1 1
700031688 561695774
820956070 772235614
3 2 2
731026208 251450727 442134988
866135633 440410932 824166896
1 1 1
954810449
602028173
4 2 2
321650844 222556723 392115321 139034617
133976654 855618737 203212230 918563694
3 2 2
28682489 963306334 336425546
761669403 346023129 825897741
1 1 1
43689951
736856384
2 2 2
822182885 471353191
489144995 917955320
1 1 1
745803356
73178130
2 1 1
501676774 432651249
63232537 63191741
5 1 1
117542756 281999179 103427876 647614067 661683058
876742223 443987977 631291705 978046056 412360570
3 1 1
316714311 899332826 664797728
570933532 266028579 192636991
2 2 2
167636088 529759583
732940301 847758530
1 1 1
328827789
772741916
2 2 2
716029488 791083225
97397178 351691595
4 2 2
265170080 113041818 443559416 573715459
441396859 859441596 691674949 525750607
1 1 1
351182017
792550855
8 4 4
200854145 467416662 134337773 947650194 865332461 399813302 796562057 689082342
770999467 496574705 631844509 375350380 151743209 848836710 997188016 6703139
2 2 2
304105751 183799440
916824322 570003068
2 2 2
862940912 178351129
134896391 286430289
2 2 2
817406894 665341447
946192185 274485148
6 2 2
289658527 61237816 350027071 196048098 487690163 119612885
45496847 250251884 897445012 456614344 748515078 82718780
1 1 1
699990170
84551540
1 1 1
895603453
62139217
7 6 6
686587038 659505010 83522449 779662348 885050948 723663623 15854199
930150755 378061599 305253031 37000281 418631828 611429005 414412363
2 2 2
772564689 56292016
574853998 190893535
1 1 1
445104041
271791348
3 1 1
603494900 77609405 837882121
178030084 135504226 330837287
2 1 1
116090477 902014474
756120508 417692304
3 3 3
932120788 11062700 436441557
109509563 111904427 465947727
10 1 1
69101532 297664101 81933611 847763003 129679462 501771965 514894907 625406342 154289820 706348954
466728272 246508142 764874195 520702405 853309540 387909672 680463578 357675083 687016645 358334217
1 1 1
835512455
206959709
5 3 3
109950634 748565866 364842344 406304536 341743458
220852274 551604248 470191992 201368465 183762230
2 2 2
445218413 627349664
544831636 996635413
5 1 1
998922614 375541363 841064071 398694676 296489143
650515557 198358223 702761619 533274330 648944177
1 1 1
887976250
269430039
3 1 1
765929900 834384409 596483147
265559838 760203483 171793338
2 1 1
59453945 455500941
688285619 994287815
2 1 1
512986424 926518327
228674736 574371578
5 2 2
989245714 559872799 27125186 925007341 976555380
771519846 580077156 955221091 698293690 106693853
1 1 1
554595135
345508973
3 1 1
581813642 620665107 34452040
866235421 556123127 32597641
14 5 5
978116478 370137528 772864264 809033782 740187384 321552173 966307688 726982192 113768791 579551066 366176486 432109783 346004041 439913131
715976003 972507631 376837566 591511729 648594734 941659917 262088518 876706547 558925705 900119942 448241113 222902395 801200708 500196516
3 2 2
348979934 761997114 108271698
534509772 832635870 542966968
1 1 1
470111632
741582049
6 5 5
648731288 529761942 256071743 36686379 722464847 329782271
943424277 250837382 363060878 488828136 672468972 917227163
1 1 1
44647253
954245824
7 1 1
244706223 989600190 947624692 997008252 854576322 860119429 747172835
683859797 347695852 732296624 690462391 748517308 698883574 568464186
2 1 1
306002942 340474056
93768166 127595398
5 1 1
600942107 948473288 548337667 104859479 770406208
850574920 826902420 428029038 168719823 906972056
5 1 1
363845483 600559716 497720384 820121628 488411972
300006088 601370951 325387669 388560453 837432199
1 1 1
60680944
708075335
2 1 1
831423463 558472326
793767712 261705178
1 1 1
9049335
137584896
2 1 1
607676931 742005812
171479010 962142863
2 2 2
624028188 881180481
688710634 392033943
1 1 1
567867582
209409592
5 2 2
439077533 780837724 443866608 904729883 775960034
622056487 778040652 714744415 368032135 545935183
8 2 2
448116356 137087662 472953011 727177345 762798796 449624129 610096430 513610815
826331489 30758922 318435302 662778703 282657193 885095410 549333346 135976955
1 1 1
160101157
601179320
1 1 1
261337690
250347955
2 1 1
734827267 461924357
914074595 662184265
2 2 2
313221774 944079568
57461188 328322182
7 7 7
969368941 997698408 779173627 540736488 243931373 15972341 477132593
366398785 367124626 123101164 714179378 800377411 691347116 830927722
1 1 1
80928107
633930165
2 2 2
167275858 521106535
851275974 854561884
3 1 1
334635231 782639559 985246601
127503778 267065990 808485213
1 1 1
233803909
154838317
3 2 2
144183107 108561936 36324422
636006350 292820849 262771475
4 4 4
26845022 625937118 805738601 895222232
255583417 729675776 406971909 98157025
10 9 9
387938298 652592232 860163680 25210501 958118187 553933205 915931301 239132074 546504432 139334272
111474647 774266545 577665719 765320376 378011530 44720736 361313337 523073987 465691761 78555134
5 4 4
137504604 948928214 389981448 571704097 350209609
402664311 817856165 126952038 295578922 603727932
1 1 1
382734466
785877944
1 1 1
150631069
301684273
8 7 7
736156129 181718654 379659824 665293051 677511581 584444414 500893602 219638122
950374077 630709805 235824833 597539516 436311581 110644326 790593312 905067542
2 1 1
589225119 435309759
277421762 847474879
1 1 1
460520639
268796023
2 1 1
428147251 441058646
303842069 848903253
3 1 1
374174283 328490451 375076672
279781350 899435010 208695135
1 1 1
742798676
50309295
3 2 2
650502755 909614996 798564748
56046313 329505199 708270271
2 2 2
482467199 379317548
915519644 350565740
2 1 1
877965051 166438178
816847607 762559904
1 1 1
278942542
607837075
1 1 1
986620184
90414985
3 1 1
818598375 817473848 356524631
858326649 359577112 284506773
1 1 1
614160128
874712955
1 1 1
117882011
316884941
4 3 3
911008871 359594452 301320562 749110755
757118688 475906271 72739303 104417250
2 1 1
65614838 788416218
372852846 220203
3 3 3
5704884 736852168 747656902
475255667 611935820 266271529
4 2 2
143273758 812097295 164749198 678129654
675932221 764070864 197009496 866560026
1 1 1
117169127
217956625
1 1 1
785325765
335231405
1 1 1
790754643
809179841
3 1 1
708914944 118478361 321133429
821406752 257257538 18247898
3 3 3
542712276 370171417 733896055
466158150 975569465 534755751
1 1 1
177055784
755640500
2 2 2
188250315 649241309
828290120 252945547
1 1 1
216922271
87709255
4 3 3
748195889 340513193 200988385 867771847
279007205 955603255 666949289 116428529
2 2 2
976521758 329823595
813900991 180506648
1 1 1
259019927
714088755
1 1 1
993572049
932073964
4 1 1
66222452 193158134 411392918 196458909
482086375 614588441 712518417 15008650
3 3 3
864552494 142243536 564253619
585053516 888143012 131629826
5 2 2
155773872 436437219 788286394 516422058 414018220
639348740 673029620 385713959 917389602 495463382
1 1 1
838422547
996739663
1 1 1
67506808
879963482
1 1 1
600924883
137920482
1 1 1
386258257
672882296
6 1 1
995113392 857888444 429559208 199704461 945900405 821644585
711733285 220603197 288906019 890031065 334640964 47060920
5 4 4
924453456 181095923 704297913 525121647 826644563
164553316 86665324 29588048 911548114 322449497
1 1 1
866513641
994385967
4 4 4
531563671 284789866 504400483 33781222
243128384 610242490 114396606 978149162
4 3 3
485057713 502815986 970170239 200121825
815275653 678786727 723900325 740410599
1 1 1
534936916
580322763
1 1 1
558751333
877630371
4 4 4
772941224 937164762 124909437 296865850
723466937 765364135 872962466 979336224
1 1 1
786067764
349339302
1 1 1
330830247
7481464
1 1 1
639480328
712529359
1 1 1
935345073
415605742
6 1 1
997994774 777536757 351117801 527986486 710134473 137804200
79238064 818963884 378993607 499967426 224280617 253936549
2 2 2
861669876 549525080
723628254 417974622
6 4 4
854301336 589411456 898699676 766450904 989781119 888438364
23950642 729454872 320460952 130197215 534949493 287029430
1 1 1
39929717
718568953
3 3 3
161915220 956581699 963576246
622986519 732786850 61142912
3 1 1
850658624 812217338 387709161
872636731 880556212 672302031
1 1 1
524604598
47623073
3 2 2
264941578 586144229 191426807
247528282 819775364 356274993
2 2 2
618957890 584664088
849682488 523995258
1 1 1
123619782
544182237
8 8 8
707641124 847086142 115745119 390838891 928456638 946898726 867622293 292815472
477370579 367825917 464795970 859162167 36558977 413971493 951658740 972209090
1 1 1
453728540
871472961
1 1 1
185956574
367089309
2 1 1
490138919 964109950
592325159 112963180
7 1 1
186029943 215991342 886763732 856888641 535412266 825170137 26520743
29263469 91827428 111869204 962149925 44952807 343317910 200890937
2 1 1
133011107 206933770
184356704 610067450
10 7 7
366879113 92080209 612941448 336858025 315572566 463244946 114531344 362314407 104411137 650095448
883808601 177558028 772385946 348515860 259149744 691191850 848617838 876022986 205368929 656843342
1 1 1
54047583
599532737
4 2 2
479867909 742470588 948891369 611891722
850608824 999047920 108031323 737067605
4 4 4
114648510 819846211 386672279 564186123
341203986 857177142 133155693 167421431
9 7 7
270727584 756805433 874433573 219663499 710366970 747536519 872672887 909773806 955751067
170031403 862088836 113361611 452547610 941779371 277309555 223866201 185542388 744842959
8 4 4
385287125 773251238 149897389 517507323 994999031 790406100 256031092 842358165
248322106 284904344 627453953 450240521 353047284 128327959 248063490 499357201
1 1 1
111476112
841187927
2 2 2
658290384 477114886
250526759 609002149
4 2 2
702555928 716110073 214173773 96480498
523031171 803330834 692045605 285006581
1 1 1
293173070
214492741
4 4 4
385148751 149859657 666340143 10641184
249216194 924722232 442417663 757881049
4 3 3
909091345 22665179 495839576 764839963
630750685 919763618 17791406 226716028
2 2 2
407655457 67275673
165644806 89314788
2 1 1
709927092 840238375
431108431 942443465
2 1 1
749153647 994313200
75926905 855127898
3 1 1
431141507 583793140 805738630
703030161 167025584 673678695
2 2 2
270079170 754587307
547235842 910428863
3 3 3
380360577 889397630 685900981
877196890 67190276 16192947
2 2 2
248285278 599344726
59290102 789658346
2 2 2
333563666 840050030
541987616 460240660
4 1 1
659871895 555168134 908202697 525421589
436722759 291330401 408450403 992383632
1 1 1
128470030
770746634
1 1 1
497021089
268429544
1 1 1
76656789
379538450
3 1 1
391736611 538899057 689774777
810202374 934320846 598876559
1 1 1
731099173
448883351
1 1 1
921798771
653298418
1 1 1
937814071
31690075
1 1 1
422453361
985462575
2 2 2
398859990 610252243
323106859 803141730
9 4 4
311466997 308420587 287434203 385243424 97192966 142540546 324329753 473004840 370305523
815543796 29432084 430415359 866755289 930914183 214483442 551458750 329499367 254551509
7 6 6
999231396 357997513 866910709 391611503 421691003 895964947 784676281
375790928 294080068 826751345 176431237 89499197 59673734 284457321
2 2 2
379902446 923112652
31610116 531344778
1 1 1
289951255
675522512
2 1 1
576313990 786386070
479351727 274203932
9 4 4
578167875 816779316 694583690 666560688 775947106 719641723 142956723 888062452 252593185
658882434 757858449 86123388 815640116 796579978 581767597 491083166 308735592 717876239
1 1 1
993407861
855211922
4 4 4
761673775 442949780 152960932 986213410
147728558 115684229 673294027 165367147
2 1 1
602344671 153092019
679663159 977885783
11 7 7
62798179 504012866 807508563 942566593 257868243 504921167 70445359 966961474 749275802 818429448 135117344
233781614 505434658 652281558 96419832 663539429 410653540 405692499 794158664 966482087 676733723 210855464
6 2 2
522077642 17316636 666471734 127412143 985594224 407615920
830917281 144899704 185193509 767247809 50894199 688114111
1 1 1
982116928
488406072
1 1 1
755361920
774530752
2 1 1
336467306 692028394
579925238 346099782
13 12 12
921666413 523809023 545113521 444411944 662488678 385149506 160025795 156951163 811373384 530768911 702008734 889702385 59902071
720740609 418474209 226379595 784078843 863105812 494922759 664528386 916659563 569742643 979867266 720005697 279030697 670171866
1 1 1
758421193
502177611
2 1 1
789536798 429417661
690960984 364874865
1 1 1
127545536
923941155
4 2 2
705239740 224822404 887761090 527598715
575974531 701057440 172194738 590689709
8 2 2
590672368 92008219 869694888 200258037 967911935 757668289 193993170 91130915
943788443 496039024 979531099 95848886 137272237 252720240 175592212 625713207
1 1 1
700854758
906042352
2 1 1
428634279 843388280
12709400 610569268
1 1 1
71609539
600421298
1 1 1
15978494
939957275
2 2 2
658356498 634788525
918897301 373513016
1 1 1
345662744
170716170
2 1 1
658886514 9987669
598171654 800548230
13 11 11
146717494 743106324 374055418 860815097 97443291 263638615 458311022 474472646 594218065 521428269 412889688 840527935 353441072
694851458 457914333 6978031 211216926 211247143 692068573 225627315 29637196 149178262 882812611 332963714 273973032 673363959
2 2 2
623246618 907829895
830447908 865439790
2 1 1
829423415 102140338
801958954 672704830
2 2 2
29399906 894933543
421022533 717975140
1 1 1
957062674
160047401
1 1 1
174459112
949538021
1 1 1
6084760
543707965
6 3 3
115845856 959287341 593817367 866590881 496045018 553794815
324395591 61185115 803462433 779316251 465666465 241359536
2 2 2
560935695 422976091
613597040 377454929
3 1 1
450749995 525085158 582683006
947185442 164850213 34448647
1 1 1
180364275
312594081
7 3 3
706359864 720623048 106357179 993866157 89650438 204679834 915273626
994843002 736055964 27749617 635737995 739743277 497323823 961706157
1 1 1
572378360
333278408
4 1 1
744664812 768842483 154107451 597875847
260351619 734316889 705868973 204719644
4 1 1
616954371 916887582 186413607 791572520
977027100 815527617 980401246 896825472
1 1 1
950486896
676593193
1 1 1
256163323
105023523
2 2 2
805007623 417981023
272944468 143356957
2 1 1
270932649 71124902
431352772 444202124
1 1 1
643345643
580111969
3 1 1
30191031 493988567 414259841
458179136 415907861 293610118
6 6 6
929503348 489873408 741673574 283035530 464343662 943527358
111469406 386939972 429654078 763846001 815411280 516853001
1 1 1
724063140
947228531
1 1 1
938229
369842972
3 3 3
226921819 997609115 484958375
380554972 496246793 180032937
7 3 3
440722712 805873545 567712842 730068507 491981469 589896137 545750019
792817021 687068248 418961527 460533026 268010405 575456901 198564664
4 3 3
341119583 600313654 196536751 386372753
447176500 946483888 359959748 549016539
1 1 1
652589932
644983249
7 5 5
306239553 803638440 719369082 535495416 461131934 867329321 78810657
957435996 624039536 347377701 56013292 629560145 988748835 896431500
2 2 2
858364879 171873414
915081637 466640932
2 1 1
996235071 300781246
866635083 190834244
2 2 2
667293524 486106652
814180899 116084630
1 1 1
191929604
25779745
1 1 1
52731382
189719797
3 3 3
502248354 388763431 376994472
729937579 526775890 255679320
4 3 3
654180381 510011603 204432601 434962959
211298147 440775334 849764604 414046107
5 2 2
473093102 946849019 650537096 920748080 711642237
650986701 998647663 336578297 902030778 14699721
6 3 3
428015714 757292413 933359908 184568145 201591660 398207072
903992861 190395818 257968975 597203348 115077014 600787040
3 2 2
518827922 169553933 424185988
949151309 641335254 195840460
3 3 3
159889925 263932830 556820437
614213524 837800390 400053270
5 3 3
998910018 908260861 700947274 301270359 598244891
717380034 2639388 659952402 892463200 169212580
2 1 1
2713799 273845818
300166200 359072628
1 1 1
171150357
109921996
4 1 1
139588492 238192859 615985219 171496303
145314233 475208072 194256100 483193051
3 3 3
126337950 260615072 281678885
426640935 264251559 829630472
2 1 1
533534757 606913610
245873661 600389734
4 1 1
172014620 587892036 15534625 171992895
746646151 872357135 318988959 647609751
3 3 3
66080910 286926285 629242029
460087546 369085535 718627562
1 1 1
168331894
879286970
1 1 1
563102076
227706814
4 3 3
608875990 382770004 606249663 270639656
872627079 446839948 413947490 460587878
1 1 1
768357496
233949013
2 1 1
665728908 269507737
61764624 164059529
2 2 2
202110246 625225793
381339577 350627330
2 2 2
111209271 916258482
957268867 271106374
4 3 3
231787462 840563668 126854317 619617854
585909055 978294762 951990280 730042347
1 1 1
456421597
181272130
3 1 1
28866295 883740441 814702356
803093266 649152357 912253291
1 1 1
941440845
18176474
4 4 4
524068859 624273282 8006244 326774681
648282945 931452404 588040267 551966871
5 4 4
339128789 324767055 379572921 60389502 649172480
275939556 884352233 466076486 912435183 382211596
3 2 2
31345493 961608426 822644701
796895117 951440003 606954262
2 1 1
732409012 567817099
711676956 367817524
1 1 1
898316903
817238981
2 1 1
972694951 176788438
771424462 698318925
3 2 2
700255800 371904310 295921340
960156673 172549962 713449507
2 1 1
247780349 742760435
526692015 767640739
1 1 1
971887419
187918060
2 1 1
31828164 927977629
170018813 931634879
2 1 1
506265569 559754135
687237892 705856057
2 2 2
885483453 385423563
835815009 970420459
2 1 1
863635539 490065881
694839484 582594153
5 5 5
111899774 262259054 920128425 191312395 388816280
501794661 766547238 379347420 51316460 39873041
1 1 1
64915528
715419027
2 2 2
533096996 857067647
366498817 869808484
4 3 3
595216607 866169362 333709363 6359965
161576660 243904119 22080100 12224344
3 1 1
887232522 388996512 3679568
634279811 93346985 279869215
2 2 2
629473564 489082620
325615747 712261415
1 1 1
347939304
291091897
3 1 1
865227617 298853908 44604996
759265472 638728701 595346147
2 1 1
220150521 703962909
687730308 461278788
2 1 1
81524220 800291961
800778634 476127460
2 1 1
61052100 3391359
48368394 69487813
10 9 9
314252146 67427012 640773571 687300499 136509075 681139635 378893175 550944640 128460155 572561334
834898299 222921820 895386764 273910409 843986834 138891925 732734791 817035442 141315580 257432155
1 1 1
668602195
436954231
1 1 1
923220042
577029190
1 1 1
437929315
115760128
4 2 2
419090041 894131622 471210480 717174900
40804561 474475776 647905966 535911648
3 1 1
954579635 228011949 739009299
748250841 974971856 593434907
1 1 1
984691400
695707414
1 1 1
577231425
863131250
3 2 2
442524569 229805510 616231010
846923706 516849036 274259586
1 1 1
261929972
904601911
1 1 1
518912291
396718983
1 1 1
300827388
38445312
4 1 1
82575857 814947026 622387142 509102803
205240110 64329590 288947717 492077307
1 1 1
900945832
133687861
1 1 1
7359888
976662474
1 1 1
44512689
199618062
2 2 2
13362043 706964335
291092877 798982479
2 1 1
36761530 692448690
83161377 996682216
1 1 1
692076842
634393262
1 1 1
801415590
265353749
1 1 1
762622539
571382408
1 1 1
859677225
124978530
6 5 5
864048013 472831685 515462042 490384190 810942380 230853054
155611466 168925553 756145045 147207452 919293779 752199200
3 3 3
574330588 631452831 45379386
57604507 801047116 506311411
4 2 2
481223771 599954389 249452725 653247085
527947792 682172921 240830424 474058193
1 1 1
931393295
68465527
2 2 2
45868582 499439243
393170421 232911030
3 3 3
44626268 38567368 149333804
714340928 564462094 396729836
3 2 2
444254909 350504661 855705681
755042506 445574314 757685232
5 3 3
516099339 88371045 124857312 937673201 553014747
902457935 96907724 959360788 23701585 978059814
1 1 1
916410960
346152119
1 1 1
584025114
84356637
1 1 1
739434333
663106954
4 4 4
312731291 137651992 327555368 850066052
730370328 617948837 188139805 860251098
1 1 1
886406821
98019048
1 1 1
959416278
586361641
4 3 3
601188669 8794999 574390658 533596230
846358097 934822308 997430307 247796939
4 2 2
751662195 347695507 368623055 766547867
858296435 297451944 974076680 108290950
1 1 1
51426354
572684230
4 3 3
964087998 219018466 619510725 72019458
153324751 249037259 424539946 726522965
7 3 3
868029570 616039779 729547684 10266931 450792 379330730 503561759
785394696 309456547 148354746 398192907 263322868 458455234 499274239
3 3 3
162541782 136786416 701011183
932960356 582612467 929561417
3 1 1
308187695 59964479 214395468
916996199 962104961 983992939
1 1 1
454567866
600869758
3 2 2
145624029 193765363 547366597
973908405 800979020 173228939
6 3 3
896735043 203030101 556128658 296946360 187579786 345773756
792646854 442180148 747271226 361840181 530469630 548840200
1 1 1
285357326
836639340
7 2 2
56786664 379388855 627161686 856621671 605971463 440837797 629290015
670865541 912347067 843121562 220332661 6205764 487334852 276843822
8 7 7
285110945 75630306 427162252 967734039 694923754 980433254 473993385 372134216
234879324 447860556 584781907 549927806 828228289 216114617 977696964 119702196
1 1 1
295852919
187756499
6 1 1
435059525 110662361 467233692 780671075 730455669 60890336
971999380 444329588 522183424 80083068 791944526 855548916
1 1 1
917367830
101576644
5 2 2
983906623 992461517 259965787 688743820 130444596
520299220 387758672 520590837 762270676 682341903
4 3 3
93674071 976905928 51133788 434132911
832246961 970199805 163155054 350597127
1 1 1
203860639
794808891
1 1 1
941314026
285345298
3 2 2
910509535 261351970 739707416
948712019 54967490 900661960
1 1 1
480699851
366316948
6 2 2
60199987 480402746 31803992 757885916 191528902 945564802
419756208 361893059 10393387 593876143 849851524 598918940
1 1 1
215001610
374732014
2 1 1
330805980 643061246
632147783 891276278
7 1 1
549214634 724153117 979719034 210666542 867294929 847612938 90290063
454230969 814024586 395461631 72436974 642635014 442761739 677407079
2 1 1
390899096 341498666
556671294 931260402
1 1 1
263062334
871749143
1 1 1
537525068
178763540
2 2 2
699289680 722999766
123578705 473195052
3 2 2
530054790 294050060 101366682
766531795 677478549 159124700
1 1 1
49138116
34493904
2 2 2
894224575 663985501
153560109 543893635
1 1 1
613701114
965382216
2 1 1
293044855 317416274
791518890 877832076
1 1 1
497289056
422090458
1 1 1
148479463
616290687
5 1 1
182035241 231483021 317640976 185324403 707720325
288682843 495475286 816556600 83763738 806528015
5 4 4
61505194 640647506 989290524 149131576 567660091
689062523 835103486 988129427 200976676 411813673
1 1 1
131019128
323503143
1 1 1
186052245
688850100
3 1 1
313340561 309037028 701915131
804546707 263537349 299200686
5 3 3
255948710 270330645 923493645 134672036 106724053
939796432 379723634 85341740 453641753 622696450
2 2 2
81387403 35218673
410282232 1450036
6 5 5
316254 305508082 172423145 168805017 568108102 758046235
478163022 668151590 337580361 907200899 620022305 776389783
1 1 1
473909735
14414167
4 3 3
788997977 509365566 981701591 329176585
89391791 468587400 448579272 310092855
3 1 1
673707576 719728031 112068666
910063784 620292867 536093454
3 1 1
170358221 729023596 402603312
328859605 926477420 101810879
1 1 1
32604054
854698325
3 1 1
72214727 205465043 69782717
299782971 587733536 800010658
6 5 5
270800530 876477544 640703994 43343422 702079940 2445162
92574362 414788432 819890480 877578234 540477643 602960453
1 1 1
827938523
909503403
4 3 3
849338887 189811511 807598443 379739802
472785804 59320637 652624060 594663043
1 1 1
858421541
486390675
2 1 1
966600192 291716344
748202866 73626338
1 1 1
239627549
276346156
2 2 2
941123571 878127815
170271456 251853141
3 3 3
587576409 195408109 64644031
1791860 483894632 315049041
1 1 1
457142793
833716164
1 1 1
812620605
584394985
3 2 2
366143613 976884585 158843508
631149138 955512689 735396586
1 1 1
756757751
181652941
1 1 1
861990064
857823813
1 1 1
88249322
274691806
2 2 2
233366076 537926758
322711182 244443077
1 1 1
759218541
918254786
3 3 3
276888220 537140526 717444210
930594885 478671411 238532854
1 1 1
176958763
753029348
7 6 6
148428747 636887281 587575187 805627884 384079080 86877910 415787264
52587869 574346090 817655456 910776748 169443382 131584400 622770041
4 4 4
931652168 903602218 963875348 419638380
52586991 361452706 80031955 466793556
1 1 1
670205676
334438403
2 2 2
218984638 786614280
396770254 481920979
3 2 2
975799094 779313881 928070332
607313677 263650115 240461172
3 1 1
245215352 156144590 148712296
566432809 620194258 740975512
2 1 1
510848738 678247642
312006460 700103644
9 1 1
633620688 835511248 787442564 218053693 675797399 814076577 369171834 143147402 974880015
83909728 968294996 362330648 66206772 296601559 953993513 860708790 900057577 455323758
6 2 2
619558562 980820308 287484781 141010147 352294284 403013976
582832331 135272176 889487183 382829864 524005642 260415207
6 3 3
787901261 677469935 866975198 300022165 257645682 864963714
156527311 132127878 278511488 559513516 479603865 31790335
2 1 1
473243820 671368200
18145269 111330617
1 1 1
291805809
390222519
1 1 1
163238902
172939724
2 2 2
479718267 852920874
369659190 896872150
2 1 1
175342355 109715855
792938256 764344767
2 1 1
95834252 56021044
185272699 542624998
3 1 1
57107796 136004793 664114013
859865299 796521945 910442415
4 1 1
99761491 225064778 600457286 318660987
283864240 273628998 316714843 816348237
1 1 1
108066572
637885519
6 1 1
474442625 2139898 702369954 420018344 926740974 656053710
204178146 242445682 914111288 163546432 392304838 997155759
2 2 2
415482014 861410819
15316718 183795202
1 1 1
511280618
703470635
1 1 1
877077515
781028468
3 3 3
892671242 804593000 508653163
897860803 767835683 796838858
3 2 2
598210330 85293941 967771731
957073756 567510068 710177503
8 4 4
282884601 562481481 53985306 247914783 898976452 216762997 830020733 968879425
937925046 808685041 210218390 528318966 775596544 486588417 791951959 807667427
2 2 2
431029345 927657432
760542906 529356681
