200
30 3 3
625496029 181164825 595415031 416504612 659508347 2478927 936609044 564259100 209814961 700610985 611029907 863037417 147931973 756601548 199577306 331655095 476232162 896038541 725025939 760525169 475394871 102164948 650548173 362237508 608339566 354983143 97328493 821390748 378930429 479530568
197761121 248337104 989654167 23674463 157817585 235437377 472390751 858444933 549677776 914881790 572701411 195902199 425276498 236546846 926106192 577888549 185563343 456942183 890318693 144028139 900641635 185732205 332689823 537424854 404599843 980666688 449120546 362327101 198328753 640668674
7 6 6
475821349 130720412 753088556 294821742 245808117 736152076 381086108
506479626 469473470 395599532 826990517 549133702 114673720 667327885
18 15 15
717216674 649545007 509773006 17777822 852236443 462758246 290550640 944121376 936283715 853404322 607670955 47295903 306289691 764119209 376792329 281869763 418821279 46869759
318179769 105085058 146377350 965195075 835784559 405407553 502502168 587762769 448050793 197237351 199548862 607583374 56850016 530044872 743563465 159728640 577886854 833618193
9 8 8
176321540 219738811 550800037 3834115 301716257 492482163 962140983 543593422 275745915
210370943 545687465 386613560 157684459 430788527 878268335 370993858 714459302 517893751
23 9 9
346306089 226069402 195812833 124358496 80654466 160423970 576111830 994744316 820879818 631334833 204732878 886304508 101386068 277733622 747074841 521892865 188186163 139300913 21916912 810265750 51907224 704452075 860385031
649700167 182127816 704643348 462780644 364013642 557169583 270565686 91046834 650069290 505352935 570620221 636717148 117531436 863743813 110047743 911287274 606362021 27345727 161747314 398158197 734836221 164324197 731669494
5 5 5
707861750 46020335 79529739 189690717 555714918
57765290 413385166 677649548 845717901 942272650
16 10 10
546794951 320507747 737770044 632219123 419030307 510743189 942193452 102842766 845946341 493536910 156814065 159356442 145640656 866029633 7631809 316417065
534529786 24339477 187979890 17950415 231690202 80004485 192407483 132711815 501879165 671928053 694961557 298703170 56624398 802594035 362978037 711937037
8 2 2
980550697 727156639 602813661 439909322 726950920 583517099 408950329 44139660
45382758 662644271 212082626 105091798 743550048 68945824 601086802 351985470
8 5 5
584472240 84948678 305552803 892391855 74341475 25013327 273523237 58127549
35144050 9014940 811967951 573600740 677032202 901220375 976726924 538720909
19 14 14
635937784 425320049 306947511 473899582 848814858 278629595 363292149 461439216 896375916 462780119 331334663 715246484 230224967 176152158 12709040 751365951 979090257 526524933 580969917
89064458 44905464 160243935 890602338 154858668 419508551 573662493 776177766 190443797 147981642 789732395 817656198 813099939 987834356 610968347 475410400 92168959 310843088 438505890
3 2 2
934973449 703266609 290058978
784240129 84963756 445106709
12 12 12
759098979 278397756 826704073 675129021 804135373 497894062 565681671 264002927 845649808 615492710 473963061 217931604
209010506 253090558 361223809 889233927 775823057 617554563 906185330 370463180 266812401 706075173 261645005 279863527
16 10 10
301978648 77046349 507039183 714144408 347398802 104519307 132250807 455994642 536936427 577150425 869926405 667506302 641108016 577604520 753712759 730277738
674642163 401473118 861179133 292325673 980074064 696073364 852276764 5860807 996472866 374976863 956225431 465984413 6492188 148849516 754641480 271421970
3 2 2
592310314 749626351 226636377
408246446 306280859 683650169
2 2 2
142411007 589525087
17867037 240481057
2 1 1
988257201 585303826
775144174 173372417
15 3 3
971938723 508451287 688040229 542071857 350398461 216277366 708937614 439944615 844280589 330608123 80100301 555445143 818262442 74957908 428605064
91561830 672735462 615834122 445513688 189901468 592755924 227725238 265007105 17859642 54053520 906541424 581559381 532931381 863502922 350695076
5 1 1
295811780 31155900 982440231 344918631 188395997
441282518 282055607 502066103 6211655 724861038
4 3 3
482682116 188160065 833457213 377962375
986267322 773365351 42059064 607289195
6 5 5
615294292 283986158 590762445 94551002 992961714 302420901
715807722 906236292 857303650 528587370 376025910 173306597
2 1 1
4542341 257558813
543290082 720459549
5 5 5
603451012 219932902 571147686 243872772 305420917
714446550 244404241 621627703 674247904 980225971
34 29 29
750651702 915026033 378108498 841086373 620837468 92800622 230300847 854926591 435805216 536171775 727118318 662875946 132059624 706191934 277150292 775055919 357759263 180034847 75201981 342966999 970233178 24820097 419936291 66918930 546863909 848567816 345717126 210753571 614490533 385141875 719844665 43410779 456526715 423592423
481429995 845669604 55837381 264527339 190449586 309963463 363136112 121097711 580851604 444157218 707323508 820117284 397249718 392550471 401263564 110364142 954372878 692654196 538845555 623202906 534834597 400055687 445493302 883269536 711907448 75122813 529457898 295629858 482745096 500105566 51576000 703010056 857873842 26290118
13 3 3
938788569 877199743 182762845 43739292 220293317 693041385 848249234 862807600 600320191 64262754 17806229 838230010 532941004
116861248 606810437 136510021 668901724 936870326 92025989 150188605 291621807 117117750 173674645 49317562 385023507 967895721
4 2 2
416773618 920781058 632541214 384116334
465980507 139755521 207765733 450723103
8 4 4
603972167 461823670 945111085 22456075 929974481 55280224 728965619 293840129
551489776 640844750 40024715 369955630 729192420 746939238 733443962 612410161
26 25 25
402151754 502550250 723746012 726497585 419496840 588842094 983715274 592490812 13659277 321154445 300319803 444711866 104914787 512582469 567365852 419956931 4984507 432465765 177753384 814972846 269229205 600235101 701962116 560653969 102128754 617209513
378935937 758295187 649410960 957814743 787622115 643097422 393980121 119173700 586244666 181993076 845352051 183738483 827641293 395249455 462413935 719026882 643118701 817778581 823743582 752547625 209454256 692266787 916665016 593161046 630826773 65201885
10 2 2
85599635 836039150 935939345 339638607 310911433 660858590 403696860 618766615 270829407 735449358
667381952 252684207 582393872 449550554 508101095 586244814 208802289 917739592 324252688 125815001
7 5 5
615319253 876395585 206107696 326348274 386111833 101087871 332311878
305597347 554656073 939487966 760631533 198711074 658095272 833655583
2 1 1
505323688 288037154
659298826 488974398
7 1 1
479160982 551301248 494510971 314761213 168030467 305682856 656621471
516641325 346655133 616052628 854900741 519403050 410990636 225408702
6 1 1
360584238 711585833 322684808 916798177 997263873 821032953
60478549 600411955 714935232 143816476 583069514 995128937
4 4 4
709178183 117355756 294937465 247322297
329196140 153324325 260070204 629892016
13 10 10
272314689 569192215 337188111 217556956 752057539 117228968 384002783 643570631 686726404 519464489 167685568 949882452 694647238
617677083 168543983 238258216 844380100 168079342 486742118 49934404 679901054 2210135 900592638 90141761 88661438 322753764
1 1 1
50610295
908589275
2 1 1
34956966 783570565
761523525 167472650
1 1 1
941130719
953516158
10 7 7
751298136 322458084 407886985 289552470 226846565 834932241 88316944 186434449 146994891 338181806
91171369 106965128 485309336 830830946 233895713 833138091 107747126 648937964 687922199 447970484
7 2 2
786658002 536067965 288022318 627793296 149433970 291693898 473724943
859766936 907914676 828587781 177261075 773880829 191143216 760932745
3 1 1
485234430 401348452 428737754
190904399 342397842 603302545
8 7 7
27288826 943094845 349897456 388444657 946575544 586164477 516825213 118898535
385664298 447121015 639806363 255386513 426760908 751814786 475127915 990356859
30 28 28
69082928 843029299 81120147 183689293 792677444 831271296 316189004 270605888 650438812 859471384 522418286 165321017 31766740 706674375 548492937 540999239 690557899 323451124 786917254 157959 971853381 172420004 283509183 107582920 289237681 189991300 634665077 140761713 181513991 237468794
785525443 422389053 820358943 898520285 318052830 137379820 571893693 33926079 654939187 746989147 729803898 144577467 504793027 858433884 536283546 880982234 599285236 692724973 838631967 152278700 680707442 377248440 695644708 665881260 732847591 543527941 28468231 58207549 300010557 407125143
6 1 1
562419167 736315954 136307505 372544192 640635850 179792327
741207522 581455794 188103556 113722920 789840048 655474499
2 2 2
981308507 11083639
73959189 378247048
2 1 1
279741407 150189378
528811615 703122283
8 7 7
51627666 974739810 913760034 473599401 189557149 775996449 636237598 957824229
261648519 799622213 825321560 913605797 567440114 741662142 461402600 301106409
20 9 9
366917095 63488785 687516996 768362893 454717034 522179011 754752938 91213861 134522193 858172422 115457342 103687550 349981501 387093084 905058510 269495272 391113178 699964080 625254477 719827557
231604716 746319801 10813873 12839058 524701825 215600254 221933863 12608437 247488645 416746657 588925369 874661057 213525232 140859406 855311070 333373266 507977970 653859151 72965948 745453747
7 1 1
197027952 229069120 757502152 479192571 826251537 990504143 339321892
955673189 469294259 952797214 867707111 651704602 270963375 28621693
9 9 9
631145066 666935053 397016168 131039680 529340997 494313517 241169861 279716870 274163402
956110723 402974287 139996368 874713054 545428832 692786862 762399061 906085534 724729399
9 9 9
999448634 166873974 43644544 757148541 228468778 81470180 977995123 410846528 392865819
77043409 838258452 975316372 544636443 293857280 311543933 369557006 116601950 935992655
2 1 1
820675648 636035130
121104591 788617389
2 1 1
522580356 671435260
401128908 130052441
1 1 1
281605674
671381130
18 5 5
861344288 333713911 497534080 923109981 6616656 660492362 465521370 882562352 972637170 407527530 834034165 276326831 231404704 880727511 712022348 600246688 680002682 888203442
916039384 766709600 345233374 680439195 15880053 703386874 815954402 564595260 330089484 434575262 377163591 654214353 815419562 177244030 420307849 92852094 778945459 118438896
4 4 4
852584630 177272447 408452469 781413107
220806125 820978175 807273641 14487250
16 16 16
350258759 790967290 277223157 238069536 684880368 197000040 854618181 834105641 369800385 387583464 296050373 942931974 493273747 180234352 851592523 266389593
698059886 541833559 339096742 119261419 772839774 754986293 115935995 275172201 923254644 877890748 988138273 731901914 114552125 845196545 488775856 964084413
22 18 18
117418916 977410585 653505510 247017198 826514578 187863851 87269003 923401445 112627165 240740545 479599985 709316234 169692973 407823596 56135699 230524854 232255199 870439521 73849683 402184751 773201377 461361894
490797993 764975411 121292881 915447636 794331850 71696651 347849008 995408732 731969817 602836010 196519422 85767946 75029449 652427753 748551603 643388136 355147668 500320433 84082171 386066669 726387858 148824598
3 1 1
677541706 923553588 563607391
702437244 627450969 851717454
4 4 4
206022898 587364400 319375504 578292954
227063637 411934972 238202596 332170147
18 3 3
767439987 300752706 842612988 564191243 108193334 232245841 798092470 532763010 551087686 677383861 309766410 855913149 723092063 963398409 764790112 819280026 457926287 740390308
423738015 309051949 823493489 767043366 125195267 200456771 474547267 333210121 123526618 850733283 710692392 338640963 546532914 388555098 973060745 352517222 260390910 23527823
22 13 13
83828645 270215448 144454594 513097896 227732600 472691869 503434892 568773357 760027468 468858675 826995702 149876568 858955867 504051389 101475380 37788627 56160779 765564476 528423052 653420934 816020609 136417184
849584007 424903427 366446706 717376565 545742313 282287522 864793385 725321564 377202535 229843263 875898965 231819544 363325490 621222781 201516245 441646146 119366474 812842582 372763885 278342886 666091891 347200301
3 1 1
813985388 234698158 769290171
353448070 282373011 396960675
5 1 1
355074209 665896617 489517372 966939911 663433277
218738021 12525516 276780379 836093754 886838161
6 3 3
199832236 960388355 374836266 40043329 862386800 805970995
263774494 443035284 24779250 600969157 965068585 840353123
3 3 3
406413929 205145722 517781477
519876268 206959729 561515211
13 12 12
936462198 688269733 14749854 840426276 444190449 761361558 878049048 160333119 92535709 199103692 370446360 584566088 815690289
39084389 319569913 193471031 81715726 572293986 46025642 445151322 477972459 944426788 536581050 802573406 909612099 704950689
7 5 5
55225495 19463396 143861157 858844534 264425294 510088267 427331486
787586071 723806194 289149254 485453416 228114634 507306435 514100927
20 3 3
190122979 829705251 519109346 697674932 413430441 449465852 27122516 707787078 772718681 699113493 768472039 97844863 13638302 280255309 744398169 826395487 32676766 236517827 835988896 608654988
73101602 200570036 636270293 501826668 701232496 66516612 132149006 658344717 682416707 171174745 858997895 513676993 30739075 477312963 654369568 342317828 715034677 875912056 977151621 803755903
10 4 4
680463954 139541479 410708742 823708526 314173640 467015618 885854465 533645920 164465004 563498030
729623082 544571517 823482456 855742721 502981977 282423253 581513797 894059054 660103893 485896941
7 4 4
731963823 654379434 773490693 506213910 986656469 396339847 577548888
791515514 937534980 421295468 845768531 322287125 682302303 878616245
3 3 3
551478819 501105371 667614629
669514163 436743432 638281275
12 2 2
389958044 419424593 349392090 245013925 593182221 993761627 723992657 97189833 955442451 192140710 863822172 99375303
998698129 218650906 267631036 65635481 88469719 306148928 860118571 718960632 346262255 311184110 481068061 532107305
8 1 1
613986413 624987181 832975063 929712510 50428657 711846036 772377914 4549576
54222912 897087174 282370509 901968004 456185619 690079521 202323484 892955318
5 5 5
892314229 420487930 535439348 931652472 562382654
717550235 796153906 675875567 311845649 489102639
12 3 3
92082232 102986716 959768403 916188946 131424325 410908015 210288488 78066115 614279125 537439536 693731792 521148914
94694904 458704250 611239414 802996976 127234646 483737220 556694676 713639890 44951775 256683185 255381077 357068565
33 18 18
753974442 929666513 982436137 50409588 808579658 719478379 769728240 40983741 418455863 96565091 828790234 134342547 846612301 173732086 376540982 968984452 737618875 27358055 687173916 735247086 137458478 852783880 417007429 991190725 611395899 347588885 192266310 67760573 763307092 522333314 635284223 682774617 292716133
596352638 253380468 574278661 552651860 806123917 740653258 906092578 510994640 266424587 212086128 648049012 883641012 52852417 698821871 56472561 280999338 79484781 320306684 471194077 283300436 118148300 853739672 504953379 853642458 456431793 97144883 968386922 536718536 968880011 360945807 582320817 655179413 365215182
23 7 7
379074781 77848449 170831083 772663419 545359527 831605481 745068908 330387633 503680531 424479861 190314503 491461939 968216033 896286784 694494452 615642914 877808812 404712549 628878635 914651863 175625642 463968007 737831054
200070908 204357716 930060725 303143553 445282245 425748146 360325893 274935248 967746668 538217419 959984817 356920250 780063664 950697999 811030963 741802079 193537110 219223246 995218274 867015566 252832093 774086384 131978317
25 23 23
340156504 894759671 189112357 998132470 27411034 85972204 554566370 237199161 499009021 498867727 567370127 682101226 880224810 311828222 385324270 408151539 41316992 184514651 396656453 891329444 72948505 730005257 494095550 239806368 850540674
202688411 965249531 562156311 664192940 299313772 481955891 505586381 300022681 9352305 949002969 395280284 694736024 433783572 796718068 231796574 742340200 864707394 81599377 159665214 736899383 615469407 27560537 475070741 284609128 935226080
6 2 2
656008841 270602706 674569533 305674606 167228547 934314095
546024651 751838484 367030138 13479513 306988758 113158073
8 3 3
554418817 281208178 792282339 967080583 824160724 130947242 371060802 339080533
259911531 614411976 312053663 710894518 866738577 153383734 302772613 799892614
11 1 1
738266383 306527102 105081577 487849798 885626567 632436787 78761344 509259122 50285386 685480126 932989569
204938715 701256900 628034669 46324238 593981731 982790809 275480786 718225033 956643618 600388990 344436092
25 14 14
764272692 427598898 668485346 586546363 42887898 767715319 767501701 931196123 98144757 761857876 956940103 404638061 876076165 766737921 196952231 337273105 145330977 485026366 927347712 983641000 299888809 32336793 30650994 858112832 956357408
33703228 156477945 413343469 546977832 125940352 971059191 423273863 799348638 908443039 420013133 389658948 58378989 489933487 350254240 469574638 455307151 129944381 649656932 863955854 893277596 899178979 204453728 719322998 229256118 31588609
10 3 3
34760029 119566025 515875975 840595321 61712018 889072718 119284244 663634658 621237139 741552982
716217764 941588606 506014224 875506965 628381079 501313141 827891771 903902050 269574244 274942303
10 10 10
33081985 993145575 789249772 600331694 157638483 384982605 756470061 724726721 938402360 605341771
721797468 13620767 530294390 968465961 269353549 365426237 921035172 459409336 981741432 787986307
1 1 1
100416304
408823907
20 8 8
996213219 159545524 7357581 650530310 724430805 100709393 912492248 946567214 222440022 839098502 436592639 162453875 634740769 450947606 421501221 371708474 382508810 962468400 172592737 340953771
752430050 197920887 792014101 908985649 310679245 655580480 464906927 101245080 183020797 635123721 116765031 733689804 999047845 945997119 510173234 454015659 788110054 477542393 268409766 15974515
4 2 2
945442591 706037427 932213328 594817239
222984973 96303738 439728075 120606256
5 4 4
91148899 286032718 1808746 638109414 19388895
670784360 569871738 997493905 524139537 296869639
16 8 8
72017486 8688145 109876424 8956098 127796665 541006503 677162360 540689078 115786545 626163126 235370366 265176357 689395370 537865030 698881457 11985898
67996884 866710741 41712683 790678754 853212306 710742256 781244935 492277687 925601284 832304308 409229121 908746476 482055690 92372360 194086590 986800711
3 1 1
346027112 707149521 800577838
253309325 256826543 600962541
7 3 3
145397148 182964992 842527637 906971291 328225168 279200322 884519810
574812268 45159261 782565240 326247543 783413251 374266859 992015641
2 2 2
448678689 362160955
882706746 858033382
10 1 1
490663886 570881690 546572584 709245181 240939834 446275949 426337190 749672885 244581333 712651577
353432623 330346230 153528794 701302343 947841775 458133669 30570711 386900220 159228576 166628499
1 1 1
814842090
414255680
16 7 7
680475241 567389611 963728626 398629677 224727018 487372234 728771616 51551807 114864456 726686560 715628041 615567230 751752285 72723043 261032679 221423766
226515575 863968559 502760329 127167392 535983084 222541700 497298359 417275578 567474894 268364396 616436517 376505427 391513528 722599001 124873375 83224219
28 25 25
716284298 349461301 58100067 822926725 261362381 900366913 816374446 142541898 570511432 890614495 321710490 102982154 339308539 219245972 254590141 921485678 74833777 790485827 178309259 418261568 671704803 950000435 694197038 544861294 746069255 613954703 123122655 843186031
231406905 422997298 475210367 616910492 335717178 272373183 721914482 47479170 474349979 143911410 968861850 858903076 580028412 112362038 151700184 141386891 146112236 400118698 662453075 606156146 760207851 89162243 330317632 662136624 998483793 728687853 238198819 372585509
29 15 15
487097624 146870891 916986473 557455845 420141688 400810669 109095924 754903801 768058655 329593828 134903492 71208915 871497200 697233287 456473926 542108474 774193751 139828939 800923644 805319031 328770222 188335358 854605856 708812484 995073370 346922677 723749235 193764202 758126913
689884974 184362895 391690233 585588586 119136302 714179761 623181413 492750940 554488048 736655644 837132034 230056448 406808053 584781079 402542638 306415827 970971343 953759966 715676590 946073762 920524681 309737012 185037160 81984172 675338165 84987727 171989579 243093113 495587434
8 7 7
102628318 747419575 488586570 441121920 283722927 663208266 631688962 568181466
810005961 339644828 107675135 618724295 577463039 170665281 959151093 214714387
1 1 1
88822084
856514399
4 3 3
97532257 725207841 732774918 493369347
307979274 757419370 615938415 576121836
2 1 1
345942442 626294183
939002634 763671442
9 9 9
570366045 447659438 299612953 895426979 823677731 43535835 96981502 296606446 726842677
973868085 712612258 434110059 162251557 22586317 334974943 513273183 981307019 514813502
11 2 2
109026081 860102302 109051758 311985970 68004339 817877092 672507657 933130056 222003070 522106891 54943034
786555423 928810095 360824263 12119607 673388173 133148197 163552778 925537244 542080753 348014681 732668233
2 2 2
986046026 743273674
173768191 238933484
2 2 2
348167537 528268435
996628727 135414026
8 1 1
38493538 805154983 21976008 537497050 499272902 622894631 55640876 364697216
952214649 990676764 311875247 99520673 908541811 511046202 410537525 884919650
18 9 9
54235689 555315416 337281838 81468054 583105812 580002348 249515505 559758127 77847703 439416390 947621818 879495666 429343884 463853710 434467854 506091642 810513370 420352085
372259600 943298925 675500452 376328947 767672315 207338451 412525831 74952176 656848620 811501886 545300352 469256731 554703474 621436840 592783729 108173734 127949854 488912845
9 9 9
584050055 180859839 225008669 962040153 925595581 865839875 220689876 331827647 136754165
686162727 580260848 282367478 391266885 228101625 481306676 829069703 451495763 939379353
1 1 1
646310745
972713895
18 13 13
933844977 715719713 286615392 195511507 669432221 440180678 709474087 447322409 18461804 67316155 409579040 388508459 619502297 139656196 256675681 163567931 371775829 269917824
784014183 895449537 284224199 109658369 963535376 160391062 45979343 312890517 484485480 954077539 77183782 216060074 852598926 712525151 331682617 990840729 841396901 760948712
21 3 3
776748903 86346330 90315867 438461839 769273624 956696753 346311411 458309987 238253967 501403987 34092318 283413642 741316011 659947558 113180102 353580123 327667135 558076477 600136693 60154270 181264679
433394957 86039200 238284878 142832261 992997533 328502491 101806783 778357112 197710992 998675619 769293009 319398852 774315878 96693462 680631305 3132453 118950499 485404281 962555452 707631481 400265601
30 17 17
657777591 943700721 507246295 875833382 760708491 744554841 179427802 255992237 797542797 812957537 37593675 130948839 961804493 6102054 88250578 575135241 862278482 233037267 24125168 213914357 982051339 531940954 455164615 598886858 825622530 745211699 756087786 87743673 281133288 684074065
3049348 102982092 467875964 313890878 919122259 529463180 267067634 645115552 603607146 903756113 271195890 752472330 364546147 870113798 377989053 416720278 285933984 429574883 600733912 409776742 740282269 502195232 891608772 342200866 378427012 638374549 191161604 796295233 319073267 873324950
10 7 7
59189446 680789865 766665984 439755722 193617589 423647779 14376441 334243927 710815644 406855983
43753349 188332894 358574068 945780842 684980268 109500476 44472018 201986899 824179087 893461841
4 3 3
85540622 530193917 91933488 499798445
777402402 107870684 539178839 685413791
8 7 7
110929204 936008909 174448072 876544783 557759534 136741943 872155450 580491168
996034479 369145839 218373485 894377410 615040535 35944968 910027468 366123270
1 1 1
795857056
502905522
10 9 9
944490659 643726728 204678152 666315919 705330512 947223413 441931569 300119924 962666673 23712286
546446311 739001772 684080540 828605920 746802246 615529903 779911594 126451372 72507808 322012159
1 1 1
253475658
747866809
4 1 1
798007154 999483609 956977155 533121917
944918829 219151463 823780173 508466184
1 1 1
374883076
112372423
6 5 5
402674603 758042170 136231023 517470308 887709476 829808209
170811201 711541068 144896714 411524966 173256842 153934259
6 6 6
346145384 600588211 481901556 514465369 50844374 979459983
489943879 933498126 659539824 380334076 297357116 16274569
5 1 1
9487625 667005892 221904606 513093108 197910769
851695846 525820589 44817364 514306126 17565436
9 6 6
364394323 158270393 536867206 16452601 389511634 297604046 862584841 381645652 566979927
321694212 130211085 783535676 339084022 794076573 981903664 757228549 83402589 359601575
10 1 1
251786098 650688311 224821677 309164430 758429458 162391529 31896671 784226949 450391630 27601916
494069656 996280415 173635917 777399077 660436142 290066085 383052899 200592899 908630276 334232732
3 1 1
733478585 247860993 255463011
337552546 124509957 613650449
1 1 1
402018989
175376916
8 6 6
609419834 547160352 492283301 746437729 596651694 278002455 981725942 826544858
156574301 127321163 945372054 702390488 611991093 891247072 862371314 367036677
2 1 1
434368320 236055154
640817502 162795867
2 1 1
971018726 111204456
80771079 690561248
4 1 1
636132835 85883870 478923598 830593771
753889128 551959339 269097252 322973196
13 1 1
618338225 918701599 971342762 650976255 110873599 241354642 812805721 961415120 224471234 716085585 877862463 237446306 782270102
948788916 446999247 327734337 65308542 972803536 443979673 789320797 496803152 780696124 925782951 416332945 522393124 596826806
13 5 5
943653574 217954224 202950457 487972732 762172925 355298339 86373433 772888128 177785454 849388743 8638230 609365985 65930577
750567714 870358492 693030441 499712780 489914720 411721719 778045383 293364291 927690117 113408318 887880325 736514985 606577013
35 20 20
71578559 738126079 855403819 689763019 58954250 443596226 856868502 35301497 243992765 166290973 265828920 93732070 758420686 587958740 460337662 453635590 587880646 3571156 52373925 650331282 950406295 527016368 915406706 161280984 355567093 691030006 545646400 225685922 379067054 145311533 242598862 262429925 225303134 210617310 947095169
620153288 112005399 541942820 777774393 517210489 958404351 278827431 723113861 838719603 914569265 310230615 56692648 192092663 700974460 597713339 590470661 784712474 369415340 68447778 275386681 921834964 810096348 547311894 812889481 528386208 793587052 628121090 122663149 910727802 929221607 744322600 724044929 899870700 857707473 559372269
7 7 7
169544044 918565488 459864146 236678860 246074306 886012318 48380697
792762925 944699226 417524161 452874216 323071664 341304492 574479320
6 2 2
182993114 517539092 267225839 65053908 492410156 683902915
952270794 569766391 451253818 575416069 201922828 444055774
13 4 4
886655383 203726518 921999759 753459652 468391949 296067789 337912349 161336120 710441076 140938335 331127403 340330620 472524662
521511914 91402228 844915462 280403407 555340734 253961388 734375985 696570975 493932257 819659732 891755059 542181075 545553199
15 3 3
722384345 218714805 274989300 86241195 69484281 601100881 651656592 240075656 828259766 395559602 396176465 289278424 157771096 324384572 618215169
241890007 554343134 464812812 383504467 49476 84258349 723918188 756200374 789875002 219813373 997451764 409543511 407907679 776010968 116879293
15 5 5
824477662 941639942 743590297 373093118 457316062 611948732 428820040 922957103 341971093 455014730 297211426 329007853 257102090 377555679 104574696
294504874 589358773 353475630 413603508 823445023 742125 957193181 91671028 248660256 458416423 904321319 280732367 4616614 423342075 827077109
2 1 1
41941588 633852071
459321915 113894785
1 1 1
701969756
215142698
3 1 1
730537539 920052256 628846543
39852136 547995342 530788280
31 21 21
895770196 386815961 950269517 618134408 348847150 863967309 348089400 471127499 690632333 550745514 875792787 5911646 112939265 827673324 820855840 358252260 838095426 274065950 61760501 378627847 803773858 210031533 147721656 40779417 194813075 216554374 77460905 475230824 574572121 416563141 517851010
183906133 357972885 456269700 47859721 328009054 315750890 615826559 461312965 188441950 702630954 753082913 193156532 443500945 906802986 238415634 856729352 553692352 729238106 536974406 487147464 176709293 633506699 733752611 98694396 179685914 971918320 469772726 484830422 868045908 902243751 718079499
5 2 2
372742329 996515183 728007255 964722791 897155257
368782794 27454324 240045862 879131471 953334010
15 9 9
111513414 580007768 565201343 605064955 17363327 544875114 905588652 417919445 148348237 565560122 549272117 561524707 718435364 715235336 722442848
645697971 527040451 481447036 129484077 709551865 758182092 206269189 685338910 321245464 635551631 805187428 579119143 457386537 876288676 267182893
2 1 1
369779566 568685547
164942533 56078265
5 1 1
295227166 473113864 503652529 585400421 248496252
220766792 317232824 235546500 63417424 414131251
6 2 2
994187995 629457562 739824944 243439628 927780711 911567756
490422333 630503336 173837803 971320609 12182329 692340145
21 3 3
107453087 176093326 965919459 373769615 646642231 251325009 913533094 330848926 95459722 897143342 874561211 190202633 872148937 885841777 459282241 670866292 143990197 4001265 625985735 362163961 386434460
110911485 903211512 497804674 312781489 742517225 601384466 448342220 153617139 776448941 976855570 643603647 378353212 612268870 893763246 762823862 931877024 840334680 42694429 288779575 566305196 258055105
7 6 6
833772211 900666981 41303375 481678638 225281884 371485484 853486264
991859104 703249372 482848552 380807085 840497682 479772250 118696963
14 10 10
505032828 621325074 212860221 969575558 850973271 230980652 155755160 41694339 196713389 545520812 48513989 848758222 508318620 109479932
825906602 527968940 233677206 220900224 226295107 895611140 50144616 648654199 770162277 665650373 977801470 354071250 31680190 521189317
4 2 2
564829954 443729163 160395158 703603258
955550002 346887466 698385691 777615212
7 3 3
852389851 994197341 199655194 506542623 154207506 905012506 476119304
532029068 69665724 295313620 336796136 366380961 365694615 568810898
3 1 1
704355149 339899900 879975223
704662122 915917527 137973951
5 3 3
396716902 266734122 685603750 31898305 899026679
144780147 980423943 503941525 739472285 293521057
12 3 3
3893129 893401413 11370320 415671136 79835345 417257011 933288348 365615543 311328958 41591822 128878160 982325866
977090111 559147636 242634951 705449430 598465597 188918857 10364618 947582632 41649245 671285966 229124931 150748229
8 2 2
495669575 707871111 644633337 827008699 634567296 162451278 862138983 411155719
692992230 315049676 871679233 969308509 508213290 327391093 45446986 335352569
3 2 2
716131090 388242806 583816788
451008960 473824406 408956085
31 26 26
796577627 343450236 984374440 348679203 931493021 261700882 252018446 748741238 872280506 797011594 888709874 282062330 643989003 925186900 735139653 968990980 63472740 836356577 969853935 201725472 101416669 290313109 169736077 92120051 916766015 23764611 876526249 773266723 925369543 180004931 484581601
606956182 252215364 61139238 54292181 601730169 461297720 114465840 670423585 384164476 322257679 508176362 849837132 187915485 992449832 601596856 90966266 19955256 576619612 911299068 755348756 133905207 396894041 645709199 108599414 262652403 319841893 232341605 774630899 44708731 148814274 571761934
1 1 1
364742523
504301342
7 6 6
963596004 746079631 467681064 334123942 139186762 199599540 260488605
693911452 393977291 745506947 632653587 194067985 52751249 122448155
6 2 2
90353250 186719803 508816034 259489551 934052446 467429828
413525939 350262106 877675595 526365624 110366723 786378743
10 2 2
664912670 984648959 367410288 213228025 655312876 965662721 193358397 933373093 962130368 551079799
631543124 705235896 69467829 551487599 497960038 838001623 336103742 131795490 520246760 558777683
12 7 7
5514306 84418624 455015166 278193181 985618563 203395998 334152758 795359974 328472567 148486362 754165194 952956985
57973063 594742744 493851400 345793959 565605866 577572301 474902926 712406473 708202108 538699632 943944701 242826782
1 1 1
585427393
315750436
12 4 4
71461308 441900410 667302340 896483005 69424879 856004095 175433471 374913844 187290194 842813631 136851038 285190854
734285832 217726553 425004018 330395583 757965282 879285098 668256828 405352832 345376431 898211376 335627549 366088392
4 4 4
500876166 938643529 744249683 543108723
714627631 942699614 216576311 864273027
4 3 3
382977225 594653930 160642447 117303706
352567384 572518656 931795072 422159493
8 6 6
604602333 263541771 455791712 593280183 95610792 367342366 608420731 718622497
41921055 14098596 175096660 336811273 833018472 613046316 737215399 118259374
2 1 1
724311810 295437360
390606620 163469087
4 3 3
59634025 187061414 751878532 96429608
281744960 648656088 577760016 170540126
4 3 3
432071865 966891550 697553994 241777768
171053353 566173167 133077199 187088966
21 6 6
555530759 532483741 450802559 479400551 207930781 623210473 43248121 850301166 397428204 235773678 601730183 998685179 442957785 39524591 870894239 549039616 561510264 689751285 490392048 735036167 469672839
941568818 686908996 120924520 79117508 609491545 128090972 32581845 346246122 963784506 487085469 935119404 845384266 409311496 767188205 676608196 531253292 6051367 175046882 926700887 377785437 986398612
7 5 5
325355116 874361025 710720000 931825303 316967168 690069411 682186269
444533268 24713995 890942431 104397938 661663942 70353610 4459753
13 12 12
816263083 45706348 668378307 474011840 244075284 933846977 979759968 508837729 186701060 654347520 976658877 19763416 592196666
532258615 265782468 661611491 860266608 964306166 162173520 854037126 786252736 587204491 28483548 733328872 609371201 254354820
29 9 9
844491707 444108612 232700509 766923432 163274507 260863507 613912234 528855715 469135328 648529956 262001077 72882895 940960132 814037543 350850860 985054669 204684264 510089740 939217964 799985894 485145012 903621176 702354147 986987391 307365598 646119261 417282806 93139275 982350052
757690308 508231503 724754401 35964503 387199110 790175865 826894927 99061354 278716019 236073301 456514702 541755993 221304097 526927197 629935191 464858749 278191538 754538183 691931519 87030250 895891027 328760881 335474701 865161645 104382131 35980338 490434689 728108938 446739990
1 1 1
368563735
185863462
1 1 1
588074284
849374022
1 1 1
383592872
642754445
13 8 8
802787299 571332252 187965921 79925128 809487059 900625190 370002806 473828540 198539850 65663652 149485951 769016398 17372934
484446890 104332233 826374235 132783198 226130575 752176292 349487923 946219617 121894646 931999549 791235281 957296778 35355011
7 2 2
503571169 458246984 864985839 163463186 153209331 665359851 186629087
427885789 997328551 128626554 471276897 778326751 77894002 243246621
8 2 2
609014256 902193144 689713900 938651328 552870759 253694108 561293414 308703639
160611361 549419761 64760281 468397445 633637634 588964762 666973963 523800559
16 10 10
115602485 879546099 936662095 452032473 993249010 37062677 611412138 840443381 329837366 972510246 36276900 820861376 748443046 40368294 604007071 941723142
698534473 186254242 550760095 535103973 140512470 266784117 218259174 398558308 93852658 883102999 306455154 544834684 401585018 634424585 902524517 624465783
13 7 7
989735680 200132415 960461222 485238340 315971046 211822075 912964483 892344815 717151176 998017147 258936557 861894023 176807264
207400296 880901848 968889895 488672675 74345596 277272075 905949476 140128341 326798537 778404350 464739810 158525366 550572547
48 37 37
504472879 442747639 491700078 878235224 315308368 104690446 992136943 714536549 503887113 902401378 580708247 231778807 928743143 846804727 854011691 441076035 531864097 590896916 527641039 272603087 381070740 26409093 148942857 305220816 976502416 306660307 751988013 424969812 708057198 859814359 104181536 286307637 451209096 454805079 822320014 739447004 48291467 241853128 891885306 366613434 931425270 561631393 495336348 289109804 896740551 814083626 368064199 85764270
791851987 491712541 638883531 934961482 627773743 864611190 547040955 902303163 49846073 208670196 823253178 381736903 114202864 657398446 600691465 297027385 299220091 891323417 67010715 668186514 481041595 561305846 633296412 872526044 601458096 638737372 918576092 577378230 359911741 275896124 627783008 71838569 282005684 894256472 969719592 203982473 473707301 408309785 498622457 547945275 378369613 896276249 43544108 110695057 860485054 179655923 374168982 232328249
17 11 11
449887340 548916179 655159865 692182460 659814003 435639285 532494736 779694729 889770375 932376363 671087024 89053581 435075833 235200112 8978868 594899035 272065466
962665731 83895969 840284755 288375970 730342389 219338238 421133077 427745440 516581744 291917335 728761219 439335147 425435754 983300200 223342302 658856332 495853702
5 1 1
952622154 860907723 514260238 198935385 911272507
473081131 745113118 592549335 114448710 961432738
22 4 4
488689231 439757787 157458635 841182282 731373476 223283073 759518120 6490455 464682498 855734448 85537994 892300875 806967576 938927354 889489627 569412350 150086773 223886821 681758265 387667063 270049676 556874847
798979549 60681434 623410136 232250621 756701699 171176865 727373907 611544175 303957385 700566522 23709718 158823172 3494474 73214830 476909857 733997984 656747477 121923783 972335213 20441143 117360417 346595231
4 4 4
898166947 349108358 864796729 324828377
468197919 290165961 65354519 717264541
14 4 4
483775570 321061970 142305294 908326554 334565501 8329494 516478623 388464394 313342132 95909142 430754476 199133062 552516039 145069885
380703924 549296693 307942171 644525846 141061433 47560253 920780376 437129607 105473926 58205134 387360307 834497126 645986864 881065185
3 2 2
614940060 629630723 413992062
421192416 746772258 471917536
14 5 5
640302171 387825178 874925881 775311909 351628939 27636211 832566044 592026526 128756338 262180517 325758792 127010312 921803410 268229778
442045528 616516709 775826131 937066216 106878480 40037219 912505015 306641581 985524387 395165530 91566778 348188987 825542106 192983476
3 1 1
604530431 683443471 548981654
760426754 837264504 935435906
30 27 27
378377196 511652986 589562287 631601112 365873520 656163129 665993283 131850503 61310309 128702598 305557215 722505633 911807183 645210327 338318744 494721005 440343857 833974514 813881103 735232849 279131114 664094011 997269647 13747436 951939412 774552226 477911620 574755953 258297726 126174988
593697437 742933846 345092621 108871109 190476858 199096654 978083244 484169001 660096032 986419326 994071800 291890443 857127042 981867656 321367791 502322183 322036110 738815829 145725440 176979186 566381177 713508880 119419177 396920572 264630090 169753997 867791899 581607035 771408745 312169703
5 4 4
15158392 43442738 388699672 53269109 284336509
861059160 350611363 659985298 555330999 144377076
5 2 2
277238689 714279619 592103292 27888176 895426185
757812398 884377186 962938850 127313341 723374745
14 2 2
793056547 457370900 400191144 351781830 288121023 525838974 365533425 954089938 429873167 604471132 937609186 148855866 397797055 232684889
852696886 435062594 624159564 261626051 143909571 221606497 482593601 237018895 575260837 174301132 183705400 835470362 22880508 13639078
37 9 9
984974896 3938802 157132254 319650647 660624281 174164750 818220494 610004640 292318610 25061502 648121062 366876545 615447920 383038091 858504333 106797339 579614876 508463954 976031918 147791609 526845579 139846002 519044321 723397681 68280267 167961872 218284339 339376129 403968785 247796196 964618538 547793258 247958525 337756199 58650002 373229213 24659728
146238683 223103695 166067749 888033309 297438223 354220205 118291272 913199477 618851111 568611638 489081871 587552941 510966601 595947974 851092082 37029351 760714391 16298855 549091028 369508889 184004627 929060257 241611435 223825750 845314000 543197432 403887302 511116913 449065111 368778711 760180738 633189873 440829677 247190104 897446401 770932009 804186377
7 4 4
517203731 848592318 907992387 521925164 837211730 29826485 979874124
156242504 166300309 714209486 98682002 38272713 750957797 643235166
30 23 23
753546417 734538803 607897494 106359679 312990795 976956908 817162665 487366473 88954777 713460484 697152873 178406045 934612940 333249377 944031171 439773302 851435784 899379428 435367554 595656570 595158347 934083412 616406596 406238727 103865562 811832615 286958112 621959712 933315584 575319239
211858871 63331509 196239457 986870233 701150246 793701048 929052148 825720647 73871727 580834221 356984044 442287036 946272660 868663451 149563122 546169519 578867016 276249507 77795423 484369683 159658041 799877967 428244326 395094121 390481468 918882823 580419159 284841744 721384036 205263241
