100 100 0
48 46 60 60 60 59 50 51 60 43 42 57 41 42 57 58 57 47 51 49 47 49 58 43 46 42 42 51 49 41 56 53 46 56 51 58 45 46 51 42 45 55 51 49 44 61 58 55 51 44 53 41 52 46 41 58 61 56 42 54 47 58 54 50 45 42 54 42 61 47 48 56 45 61 52 56 58 51 60 56 51 55 48 50 41 48 55 52 43 58 54 57 44 59 57 42 52 53 41 49
1 65 96
1 53 93
1 67 59
1 8 89
1 81 36
1 96 39
1 46 95
1 46 60
1 25 40
1 81 33
1 13 25
1 6 44
1 99 7
1 32 60
1 93 99
1 33 45
1 79 72
1 82 24
1 51 10
1 81 39
1 61 23
1 20 72
1 67 25
1 94 71
1 45 2
1 100 79
1 34 7
1 89 36
1 39 81
1 45 44
1 80 36
1 100 89
1 50 83
1 41 91
1 75 47
1 14 76
1 49 12
1 45 68
1 13 8
1 21 84
1 71 17
1 89 66
1 86 11
1 91 68
1 65 55
1 69 34
1 17 31
1 97 59
1 33 85
1 29 70
1 80 59
1 93 31
1 65 57
1 23 88
1 24 56
1 80 84
1 52 4
1 71 12
1 43 48
1 97 40
1 1 13
1 47 33
1 60 95
1 58 67
1 28 17
1 48 16
1 55 89
1 76 70
1 75 75
1 16 57
1 55 17
1 50 31
1 20 4
1 45 50
1 42 8
1 3 81
1 58 7
1 58 7
1 26 5
1 43 33
1 83 38
1 78 44
1 57 82
1 69 56
1 6 74
1 75 48
1 51 10
1 14 53
1 49 41
1 23 40
1 59 47
1 41 12
1 98 87
1 48 74
1 58 88
1 6 49
1 93 75
1 12 20
1 94 96
1 12 55
