1000
741
288
312
680
103
458
386
616
170
891
10
412
939
245
434
225
461
472
342
168
694
377
654
687
218
870
807
25
143
75
482
442
15
168
652
732
146
425
156
85
201
340
488
446
892
342
312
349
628
23
201
364
970
905
747
488
334
733
52
795
457
487
595
946
628
373
214
568
606
515
148
857
930
522
827
312
679
52
508
849
606
49
482
768
759
278
295
536
525
561
958
733
837
782
338
131
611
877
310
260
181
138
43
790
966
627
725
298
732
814
150
374
138
824
969
356
535
727
392
569
853
65
279
351
11
34
7
187
300
434
892
832
46
941
511
858
947
73
397
452
835
68
54
43
729
979
791
904
457
836
536
266
744
77
182
1
940
98
11
932
440
611
217
181
897
508
234
152
835
468
67
991
725
950
693
576
713
499
195
133
350
373
110
843
317
437
236
140
647
887
4
142
293
217
412
977
727
7
652
237
398
226
312
442
481
260
361
142
188
422
437
306
908
795
147
621
117
394
488
47
924
535
572
991
965
819
557
647
998
327
267
146
578
717
107
381
648
903
709
691
129
198
173
319
837
813
669
462
86
835
681
306
844
956
122
905
847
808
189
36
120
43
929
144
217
596
332
264
608
318
854
169
808
282
428
781
648
11
246
808
410
8
578
606
141
237
255
523
732
115
802
865
965
99
141
390
202
231
675
204
851
234
141
751
386
834
681
706
758
853
957
579
216
753
744
474
73
931
842
973
139
9
878
335
939
376
287
93
301
807
233
832
640
977
819
278
6
951
596
472
93
924
659
805
273
135
461
70
71
532
2
672
508
716
249
933
916
153
512
395
939
162
940
84
47
389
351
36
132
384
653
686
359
575
854
168
68
993
240
970
104
778
802
859
999
563
1
324
479
206
846
986
707
714
662
824
105
29
738
267
908
229
821
597
11
750
688
579
656
983
841
407
779
573
295
830
172
62
848
114
148
351
203
777
797
423
679
701
533
753
746
210
727
702
43
404
402
553
840
846
880
353
888
187
407
827
187
761
836
845
749
265
916
932
791
745
385
63
509
866
947
106
377
754
572
204
167
67
930
105
455
290
793
584
318
184
847
806
421
845
910
833
128
736
605
894
752
976
720
524
954
967
195
887
398
434
355
589
969
250
717
44
859
413
61
691
986
678
640
173
885
609
426
369
2
432
673
580
704
752
392
173
477
516
590
176
449
426
468
852
818
561
98
492
958
961
867
562
596
427
876
80
395
173
721
949
737
423
352
110
742
448
947
610
182
154
154
237
891
90
480
846
136
785
306
681
319
142
979
213
4
713
922
551
840
425
361
454
999
559
456
421
482
985
857
844
694
576
26
798
187
490
78
28
358
937
627
833
327
394
525
125
91
119
98
203
451
485
556
90
331
87
275
95
301
809
304
889
68
710
707
780
641
275
646
967
905
273
999
894
884
527
274
601
128
741
196
59
876
418
698
435
750
271
976
838
942
418
834
875
104
12
678
838
837
332
104
942
915
522
645
39
968
452
769
185
99
580
57
791
476
935
473
696
735
944
671
178
141
323
742
930
850
131
796
717
480
485
909
346
162
522
326
85
138
81
490
829
293
211
760
719
473
509
563
42
14
657
585
105
154
381
564
356
707
810
668
263
457
158
675
41
552
883
624
438
539
806
141
718
396
26
393
756
349
674
655
392
11
194
540
149
901
678
725
227
417
513
79
622
56
640
860
245
149
676
533
276
729
596
915
163
690
905
501
397
576
904
661
378
566
43
938
189
943
136
352
86
446
521
523
761
933
354
384
589
31
222
508
182
686
378
875
116
918
600
170
962
672
502
157
208
224
637
659
457
247
434
205
765
362
480
850
520
257
716
861
233
568
416
846
565
257
640
677
937
665
224
538
827
239
348
704
994
56
55
925
601
429
13
716
41
451
776
315
764
858
431
517
98
479
986
361
183
531
663
385
51
441
344
276
257
92
979
165
769
22
905
202
78
586
87
773
984
515
176
230
507
83
505
327
575
605
188
223
918
603
6
600
297
760
664
937
163
119
866
932
228
603
371
305
663
973
810
969
900
249
73
212
136
409
828
852
120
784
622
303
417
608
237
209
739
902
521
192
449
320
313
982
459
646
190
466
692
862
685
135
917
813
873
340
912
69
575
314
893
322
313
482
969
61
436
156
217
681
674
816
84
808
792
937
806
567
672
734
758
693
681
343
105
136
682
694
916
832
51
331
223
882
44
222
508
455
883
873
564
843
227
84
506
766
480
543
782
390
892
339
860
610
660
