1000
173798223
334114614
96630009
796010439
499075803
294710158
881589146
973212097
592883903
378426541
506229689
582225361
841358028
251827459
685897178
15695499
948667821
368400587
523210091
719746017
711909252
961971895
669997048
176123189
102583558
194728558
774673011
201162689
131660360
812211109
283981663
258775785
643954719
107249862
24381306
354017696
563221091
194730446
807233672
913450752
459693189
67686039
819612980
852644904
115529903
761629748
954267665
4760242
694319020
284876637
612839262
36476762
842513012
70707307
99980856
644265748
707789725
595458774
575869233
309564062
419498057
508302103
110797507
259868457
7011799
759736225
8758200
906205239
484811509
883421685
231695024
369449644
311714390
816265305
559849556
580462403
463059693
541597536
285050347
700792255
742322123
388175508
145479798
860072981
204294271
136869809
578634768
313825740
294732166
853364471
893060521
363713206
643171068
754816142
331406932
7986441
467192648
240436853
907784809
86708817
520659407
434713788
720053475
579313455
503986452
363610206
426107677
302112368
964443753
859467188
317672060
434091191
265471351
534047481
639199697
444246709
730898075
783901489
958098193
958913101
282963994
398529189
584791142
299305892
341693915
258913853
510714697
179892964
249681449
952853921
321806626
757911579
827155116
294901576
255657501
580432918
586679243
375642288
79582072
121053173
931395936
104420004
376891137
753562041
332704603
292674804
354615018
976351359
293783556
610052080
9096948
892915938
873179084
41890969
811865507
900146037
315445520
854028251
624762803
25491302
853136902
569639702
262230030
506629557
186780146
901150129
672131548
87592816
967379059
537911019
892151766
691414294
792840528
324489126
137429076
565909917
779774040
216777108
315101987
249390280
920586775
567470979
536991269
207053521
999031359
769137464
265430778
194980698
430458743
109058271
932673625
344593012
496196656
78116899
43767579
511617751
723451826
741710380
982480463
828600964
657587441
355735955
352003465
457963976
571183100
780059837
54990549
443897267
263205847
959232186
247375092
875513296
296250756
766322830
142524035
965655554
36948756
168979283
584761617
594059408
905706751
772410022
920479287
815667654
566620346
369849253
89478368
522076292
954486368
223805437
986144126
888315645
670029190
694255182
54230665
302061611
885128542
316953722
568792239
116499269
408468736
564098299
337170469
510571957
500880063
459890497
643987659
935299637
522640866
638123192
644683900
909289621
962438451
654895569
150151731
955847518
202577501
985109831
338422732
157755750
811033435
95541006
293962787
147538172
307145129
521256928
531323257
383220580
670746952
653046680
20147738
673295981
107601670
370738345
947252544
699007220
928045170
845723206
660755177
441906769
848071073
129191816
785015697
705240320
682122491
937344326
195731579
860405528
547097359
498803513
66468706
503948479
395912308
619072165
754744045
652795946
548655894
528019338
29527761
527583204
990648423
29215749
560407366
412412280
440685474
561515098
177520290
189421111
669602425
73980336
348429021
151547195
820449653
322689179
656078311
640145114
683570096
763221374
839803671
282618252
944977868
302810822
597909536
655837916
373107649
408452663
156425165
243756013
884007621
716216197
617702671
789119439
77696144
345522749
335445173
681567652
88716863
350377757
78470130
738281096
674875687
212798152
570865558
161063545
639747736
807632330
676705252
256738321
953400275
697173822
443431374
100882647
943857538
894038163
459413098
279236593
939252336
388555723
946571075
369394801
701335155
358280508
20166762
383037132
361816167
87232406
632389391
787588259
682760131
202567448
515272830
841461261
220745839
288747159
339948692
361978678
581052131
282921315
147684498
849047064
433691344
846359417
645976395
891550771
286403908
401092637
239004795
739327007
478879938
13570081
777159263
703991957
815033729
314664728
661804249
906797719
970876042
382876734
876031771
932456979
553730821
185697245
283715280
663305897
773228050
431961160
860018184
751101887
282615153
322714340
117137006
268936337
304842689
588615787
689510557
364671237
68989197
419400975
852033747
948237510
790057598
256060214
670958698
528998482
343602717
278108828
813527848
892237629
220216119
495226775
177884416
326080964
646609407
288369133
893542636
140772141
247724700
726350332
237300719
970877833
920980858
525696647
775175846
789755232
694290667
932527976
811533652
69240420
78744442
626889255
946040539
119528854
361167583
285899243
811005334
641321098
419066579
226083051
425308197
494620416
34766865
575035653
563593448
475392761
201396318
518568886
871538800
987825180
499289647
696792658
659489971
538780858
194317620
638017359
569757884
52703577
41168989
728754406
693057696
864491190
819088565
715547962
912579649
730197373
940060809
521814144
483627867
688659482
570840576
761403778
356806552
490577929
366808895
104871484
177205868
16210392
680950694
449834072
403621889
564529714
578549529
65983661
735941160
691105463
164946771
278494935
225942114
925001795
852068320
993174049
533484953
926987722
1329071
565858200
945041304
691911376
113794978
947604151
109862846
582994495
442796988
714116073
721551961
572148541
9836096
570256642
605412433
59127655
479875746
441370964
276715645
188138600
357714931
3056132
107045737
147580825
970781524
659218645
253179881
487278764
778984094
217566586
9927723
595894053
820044183
538660377
63214441
903147082
224831810
442314445
641288213
707226662
648290847
805228553
575055801
687613282
757854378
213758905
581265637
742343079
339153841
299087598
89081418
137277727
381063467
861469288
783796864
334139164
961305316
136943030
160684509
971994105
974143622
355727031
942299158
487998523
605405418
929633890
220297727
594805093
417397092
154780252
960632048
810957853
998748441
76737761
222416546
418776665
503574189
644914615
189461224
176456727
852265069
435642938
39885616
468781853
331032953
306524112
122005579
990666389
917547734
704618098
122254557
879871064
959589545
224394525
632492756
183675315
374759569
641723322
158493087
36878026
151053920
39938822
14800538
683966384
848085519
172899421
68988841
245593313
893895253
192526243
741653777
243556318
605073848
967835232
346655897
563739075
831740105
450074674
594753707
210233033
885091991
91496650
761517530
36784211
604523961
337369502
128247935
993506913
322430758
954888167
273130869
725551205
453909694
745590512
300286335
544191791
83186557
88383175
111447374
430491067
755777852
952026821
779738096
841136587
632600472
607384793
737842814
61795340
126697667
564364041
437094526
968230587
911581169
990411087
496184284
34067656
919568722
700841864
190209747
229732250
317637920
532635463
632668537
924463924
604412966
769027508
372968160
680146615
151921445
338799492
508920635
303956199
868533039
331364049
641703973
931002952
735348493
264533086
561420072
856245663
612428540
147190686
310584709
518735584
635706599
490987447
58839492
853935445
768012390
342568983
241751513
513978602
667492174
651513661
568925195
456199040
199930988
512760813
519093202
538409259
672316499
724765964
995688371
710822213
907879290
930947351
869995640
628169322
444905589
604382638
964558335
91274353
976816968
598310711
415779934
490212569
167251833
366471089
475821594
446534255
983375724
483415768
987274838
230476502
484750619
604456720
99530410
383882109
41996677
814651652
767225616
424487852
192424856
529131070
518952723
516713013
169203963
619230709
446280193
377317326
462627115
696313446
479202026
758929777
376415169
724110051
302750359
862005538
426768132
9713480
990270289
15702911
795001471
704372644
237147415
5844291
448163062
309048789
65988574
173634227
795790212
424844427
148129565
284046698
757673742
542828750
62852299
812781375
38985753
908260962
342734647
111746331
796916421
758326630
55218478
567925028
788931918
869210875
527383727
521305086
843324538
679926067
848700458
744318602
415828842
606721518
792149528
149763691
541208201
994885212
274496400
475058583
2194366
10072851
793540373
252672082
143846489
438531097
225962277
611852612
130718081
431821265
877660467
973242400
590496989
655330917
627568954
810584805
587922401
529919261
529472031
848237368
245674878
629364590
837200683
141239121
600091689
513302495
358732004
850010196
323127726
420600747
708960033
618562072
114255247
18390782
900040671
399789146
841073174
433129401
755362296
780128171
710254391
521914572
139570991
53813831
364158547
810307172
166830585
573472582
733684914
743335933
710981832
63116511
64786383
75550763
870908077
379451602
224183829
948591624
660244282
237071185
353391873
135633737
702981748
695742513
728735716
640568764
457125499
79718073
876322876
794377582
766328139
222743037
186542378
216676016
959074330
574670571
724328768
757503457
514856715
729008344
138298212
787197304
538907704
694343718
524100115
785711553
728418090
311862396
901331127
534042561
853489809
191190836
50632295
355253407
695204355
799857697
491688996
235652545
274750972
126243019
791636785
387111634
651253210
953524579
524002358
383669967
517422980
92116876
602226836
859981600
224878386
184453130
44931839
548507974
599930566
61743110
768431494
470498397
336261112
891777036
86688634
962616681
594302100
23569031
211849118
250559670
972115128
97912774
602940062
130551925
508254237
591162703
671225119
878052878
492871360
854044580
476513923
415552883
492163430
711079446
866184820
378243114
316947894
196004862
934231044
344357910
701025599
385020134
924099239
877945344
735396231
382444071
14331714
225329034
349236755
829615402
882194725
150425226
238224771
314635302
842643321
663469882
351819588
992900552
763091041
945504487
614706975
742975685
552278893
311577508
709639779
378110721
670447567
850557802
390734597
153599186
104755376
132029085
618265224
395760370
778342675
655484391
326525770
773027706
949254538
69888835
764562752
505447989
455453578
781617699
748284009
552871933
905316995
685138296
767264166
948876518
