1000
9611092
5708294
2997907
2818534
9030289
1591326
9028997
5231382
2903934
7289541
9226657
7334419
1437312
7239287
272374
7636293
4816747
8112219
1324804
1844792
1251058
1694693
2098172
3580023
8183202
6188446
7535468
617411
635107
237937
7162649
1869758
7607503
4547905
4465534
1830247
5635058
3074289
6985384
2641013
6133439
6751784
5659317
3454096
1479208
75751
5737990
1177750
1487695
173045
5250920
6681120
7147234
9502174
4230438
966657
1281234
7217542
3322311
1771096
9801358
5743384
9773868
5315674
4984117
8526798
5576206
3162332
8464849
9782740
5585861
9540133
8188249
1663830
8102913
6147878
8901464
5775848
4314327
3281136
5832685
3323071
420836
2624533
5135200
7155786
5672553
604845
9890551
6414290
3915843
1975131
8794247
1298021
1843848
4773137
1320511
1475518
8778640
3526050
6875787
7257120
5468278
5094922
3422392
3779989
7996002
969845
852366
6211846
4303251
2238598
2681175
1000990
4292610
1939943
3377924
7307963
3310845
9142728
4694981
4168403
5212423
3664287
3626936
2902098
442695
4957527
2142343
5541515
5492587
5968896
4325669
1311973
5703341
4483988
8868423
9403047
1337903
5581509
9340365
9373109
5407769
2848083
975967
2507626
2640806
1860791
9162615
7351690
8106138
8569822
7537546
1415221
7567497
2981612
4575253
7631520
6085889
4135411
8616891
377415
8246828
3133506
6688377
5526598
6666379
8993473
439395
8515855
8638765
1572385
3087185
620256
9694385
4123288
4396103
1307648
3719286
254820
1921747
1814189
5747872
190287
9422290
4179756
3760244
2188807
4092989
9307310
3424991
3371773
936985
2530353
6413435
4317628
64000
3009557
7778458
8116903
8611115
3264754
6953364
6114017
2636819
7977810
1374682
9882922
3220814
5846755
6490853
9655791
3325616
9479686
3875992
2841640
2136424
4608179
3066684
4089012
9678586
4615488
1100611
2362777
6160654
3527311
6883868
7201550
4808742
3454206
2064098
8832245
645725
581842
5329808
5562377
5554427
3429835
2125454
4058768
2033283
3550785
7635413
754257
364951
8824471
490662
6789046
5640212
9414681
310483
2000564
5937777
1782503
2764607
6682735
651897
9676848
584521
2990689
1290222
1299804
7286255
5061063
7979696
1259360
8732639
4182451
3847011
9007140
8672844
3638764
9021947
2925490
2910333
8630422
1262785
866591
8754532
2779543
7372501
124824
6961985
3930464
8350308
7683178
6099272
4820945
7985940
4278993
1449285
8445299
5670483
1564465
4390618
538107
2257883
6324458
5808516
748505
7152051
6529639
9380324
1173673
9253598
7458786
9403483
4174134
3342209
510846
283811
1268167
9231431
9305835
3311813
4037853
9284249
4109123
9709002
6785769
9331778
2230426
9852344
2158839
4008052
8768627
9577115
7633705
3265295
410791
8382151
3548062
9740237
1533216
2393857
2106282
6169138
2998425
4175513
6125704
5299590
8095339
7078088
1163194
4823189
4427629
4922405
8469732
6503040
4856356
670784
5219166
1678738
9773617
5171362
2792665
9091101
1050522
4695434
327249
6791211
5712630
4964220
1131824
8301682
3765513
4330852
2254282
1401927
980373
3371705
5625627
2766495
9722805
1793564
6435548
1224178
6108834
7230043
6435574
5998033
7343633
5920436
6645389
4186220
2866212
8474556
7564376
3352488
6529410
4133184
3892852
2658131
639473
4810808
9098464
6371857
3111398
9612894
4890100
1937914
6895456
2796866
7678065
8926815
1109822
6260851
7798288
1430883
803348
8441118
7713573
9242064
4113213
1765977
726574
8245134
7946511
9298502
1485897
1859901
9475495
1133404
6226918
3468927
4395590
6615173
2985238
9482382
7665878
6001170
1900225
4263520
8914110
8005647
4501302
6590656
9449120
3223087
3563911
4467674
2588557
2516101
3539762
6762184
5954835
1739488
2362401
4446966
1760993
3176746
1588014
6426889
6817954
4333185
2465562
3430152
6743555
4238671
6580005
1683827
4927394
378389
1820666
5364362
5342920
5481135
4224134
3986013
9446476
7483279
8154368
8962583
3030417
714667
3235602
2660529
7794769
9242365
785713
1145753
1244045
5947021
3541521
6566269
6311908
5874282
8464093
6773071
4408216
5979325
8936018
3889486
8237541
5118008
7423020
2590133
4570648
4317972
1693603
31648
9732006
3447036
7852097
7869674
799339
6190490
260639
3514744
9753406
2487267
5246071
7282740
642704
8061649
2384200
8225364
6220903
2802729
7069324
6623323
9253637
434832
9607344
8539599
7226706
3053623
1089660
1343283
3710353
9080213
2768729
9979251
7818368
8358846
3554429
7703032
407238
450814
3649108
4120496
4119662
4303268
108231
7556465
300985
8026191
1941677
6643286
8073187
3480055
4985311
5556948
3388693
3716391
384057
5017407
9027516
4293363
4452563
2564342
9270478
5223936
2258448
4670624
7482426
7913229
8333881
6332674
1505973
7633799
1212157
9859418
6699321
1071510
1605783
6920501
7202982
5807366
3504487
6903085
8182052
5433091
6852405
3697410
8504489
317543
6794221
2077180
5906287
3817408
252306
443607
6046411
7386320
5500536
6717083
3854048
4584915
3500940
4352365
6573647
2319912
8041069
5616755
310994
9715437
2425227
8964529
9427095
1684000
1534476
4123099
122517
4448044
4287654
8463925
1048531
2812825
9659260
9157100
8852279
4732134
9282371
2923008
7883899
7927374
4401439
1593364
9474417
4559395
7731890
8236141
7244202
7679959
4317792
9696442
9132120
7745922
2608964
1219901
4470611
1731656
9107321
5385344
8240447
1642710
2630435
7520955
3827555
1218282
1111596
2008613
3819569
3580840
1636256
5722942
5659796
6428489
1424401
6483119
1997755
4675811
9383156
7651506
9476712
5321518
8039528
3391368
5935010
3932445
1993859
7923674
8697902
4847245
1024570
5165859
6840004
3162567
8969798
6905027
3580238
8476622
1812919
7576693
4400013
4012000
1789152
672879
1745494
3144705
2110208
7646892
9493678
3224192
3995625
8441360
22327
4087947
1719066
2100895
9518730
3889594
9782735
3080756
8996145
6457960
3969082
6866348
5311997
6048659
7599982
9747707
6484151
9835646
5905112
1766463
6543913
5708023
7523189
1405906
6836927
3646811
3611402
9713407
3755946
8344345
4029368
953547
7949413
5229812
1580807
8453196
2660822
7442867
5896664
2486281
9304031
6319484
2485694
4785473
7785974
7984326
4223341
8107033
7961167
275824
9656804
6959162
8311275
3515680
536517
7253816
5682560
9728913
5415370
3280850
2638830
282333
3061039
6239652
6307947
2935716
7628493
9624597
5378010
9053221
8172610
4842294
7969379
8374448
7530493
3479230
3799952
9133798
2104790
3924194
3207314
6399088
4672835
8926793
6949736
4750174
5190859
557852
4455933
1949950
1666385
5233638
9893499
105811
7009866
58619
7976155
8284356
2418377
7642725
2657054
1410294
1082614
5901695
8621137
8635481
8871355
6458993
3107096
5210325
8064876
1781078
3575358
4614950
3693333
5773726
2406048
7381513
9170962
367434
1420957
9457424
5099335
4029783
520386
9241727
6278683
8837668
4608447
1615803
1340055
1675819
3504937
9180716
1984486
8262906
9625239
5295692
8894874
2597736
906080
1931454
3532014
1739357
3242111
5361869
4618634
769422
94348
8411242
6414537
2353405
3527840
3450246
9080112
7434935
6250707
1665563
8627383
479475
7651248
2943985
4632454
1929552
1084954
8694077
7580984
6297194
5820537
9435784
7642767
5659451
7573879
1628418
8964528
9769320
5606012
6342155
9255085
7085294
9979549
1627364
719463
3330316
593311
8230734
1286991
6861315
9721597
5586402
2192937
7080121
4937520
2643333
3606890
185743
5780649
6968745
5690689
8504012
3734812
5171931
8264854
2866816
1706246
6451307
4851243
1824737
1069677
5781721
5453118
9288042
1001480
8427014
1394605
4600066
5000962
5296669
2292990
2473786
3218485
9985370
7881610
4492385
9735493
4468178
4596087
3078463
5938337
4027623
2114784
6151658
1056702
3229360
2362188
8932238
8482043
5951130
4408123
7974464
8335237
8447143
2106994
8535081
9499440
5712108
7072275
5607673
4647759
4004359
1467487
8574741
7519112
6969592
4998460
4522482
9496926
2217726
3865808
975334
4719344
5088603
5834349
9968205
519665
589611
2323602
459477
9308371
5929810
9423994
3740868
8132337
4355788
7246260
5375058
3363242
9215235
896255
2426710
2688512
9724812
8117302
6406120
7236876
3256595
6194141
5223992
6947
6540066
2821524
7392014
3928920
4556744
4821044
4786434
9936520
29102
2159780
7240837
6815613
6748776
6905883
