1000
5019367
5526386
3426387
1182287
8634560
5410099
7144043
7197614
8329614
9674303
3733362
2579562
6801695
2026942
6689141
5335033
4454234
617790
264263
2866068
7893233
8320579
3626419
4959256
1796152
6829542
6397928
7569783
7640900
1067989
4737581
9986743
2857851
9494084
1962451
4955004
7151250
5946950
6941602
2628961
3615207
4098365
9279942
6073106
3060777
6815390
3320312
9216312
9593704
1530137
6178572
7487318
2196840
5927295
1024607
3591809
3794571
1062296
6977552
7047342
887132
9380684
2141059
2622502
25891
1072324
4007831
9187923
2763839
5648895
8011345
6486752
2450434
4061972
180674
8162541
1453082
9840398
6247685
8637580
9102775
4442166
353607
5432
627317
4749074
6032354
6196207
1269719
3124561
7637662
24744
9658616
1209980
4954924
3536051
523672
8859882
4714070
9155182
8958774
6786773
7525140
1530938
5093115
9760172
5027840
5883885
2240009
7709186
6924784
3663872
7934571
4366876
4211275
6038262
1175909
7383507
2917218
7152835
9187106
7374897
4292704
3675130
1308059
4013941
2561277
616978
9960588
4332696
3229455
3645275
4313779
7164476
2493831
2583994
5589464
9074376
1495994
6355651
4792423
1300188
8504354
6094001
157252
7272935
3383166
3652655
2114410
444753
8355301
3573981
9959383
4291725
1771086
3130462
2918692
4079550
5651731
3853788
6220686
1924032
668186
1367016
6044406
7446496
4106510
2467225
6307896
5053837
7247830
5914060
1014838
6968659
6924356
7119212
688491
232243
8839445
569311
9751542
900272
2339344
445739
4760472
9139609
384659
1301960
9593300
2236966
8082928
8132598
430324
1626290
9740767
7217704
8437096
9117717
2980872
1489180
2897189
2023958
6468628
2361347
798494
2035071
2080816
5418671
2159693
6946998
4787632
5878376
8471854
5367142
1023574
218613
4116393
5595915
431142
1774840
3838539
2578382
5549694
701325
8363932
6883879
508569
875507
3164733
6040525
5563618
3975541
1849725
8316407
915088
1033433
9365254
4344906
1710577
3880271
7335219
5742899
1664054
9707168
3281201
1558553
7148432
8086533
4782665
6042235
5406104
138514
2057370
180639
6169862
5107572
4946062
9017620
8601990
3214717
1833369
1106673
4988988
7846048
9035229
4782988
188120
9336432
347766
1227586
9009213
9319675
7059837
4415458
9281467
7815631
5015998
3805459
5976588
474202
7749931
7824571
9935407
8526159
3037055
426343
6984067
274850
7879396
6273521
8040945
4731750
2770063
2463085
7578382
9688222
5726261
8453497
9452668
1289053
8300278
941137
6958667
4776720
1758936
2508753
8517235
2596080
8973447
752105
162036
8285186
4008003
7882785
7877817
7593544
2046841
9672330
9043305
7298219
9171095
6684034
4910405
2643084
5645836
5660593
2104226
8943047
1649487
2701485
2124232
1601406
2910493
4771564
9848141
8626434
9535951
2368046
4948208
9133859
638106
4307236
2117217
2654167
7810685
354908
1143957
8642969
5637703
6534559
307135
8979234
7111778
8938670
8385473
1400458
5147361
312225
7222108
6922245
1103708
5728435
3231582
3306450
8707682
9408068
2060764
9720492
1111946
5515606
8409858
8520926
5173493
7235487
1966870
8227330
2062207
2017600
1224116
3995889
2414526
875119
5003539
5496150
1631896
2678703
7946084
4413205
568638
4526606
4299962
2359821
5734169
7461257
7356071
7564845
7333268
5528232
7604706
2593293
9338911
4597849
6286953
9641831
1577375
7689986
3249357
2724049
7650926
2232465
7438883
3636599
8936623
2820812
5442116
2221759
4313341
1813413
4329815
4914339
7538873
6342491
9703428
2649488
4547292
5938279
4578798
2205705
5437720
1398168
4043701
6943290
9235709
9492581
2652109
4364916
1396174
5176642
9511358
7474003
3782194
1633298
4001854
9578554
1756956
7397342
6204121
6092708
6200892
7905085
9165687
5372909
572427
6599778
8710600
3484951
5976389
4272017
9536309
9189453
176111
2888580
7843927
4031077
4488536
1087937
9103274
4483728
1057800
4242382
1749838
8197078
4148633
6666014
1784364
1107093
4554155
4027754
8250554
3430560
8494658
2995625
725035
2142026
8963780
2193163
9091250
1860212
3093849
9928342
9578023
8429864
7892072
2270629
9812836
2422726
9730239
1710043
3041329
6427592
8706389
910490
1177674
3305314
8151565
4187794
4164434
4595832
1346125
1494257
7352316
9042400
5074711
5287132
3258080
5806751
8978428
8503499
7718129
3305
5855974
915154
4681647
6621772
8291804
8149061
9632570
3078709
1279690
4187233
1826407
2887029
1244904
5518075
5610457
2011710
8869089
1461526
5930777
3698251
5703791
5702349
7170535
9986938
682884
8233129
2184149
4784167
8393759
5365446
6195666
9351287
1439256
7781797
6782512
6626264
6015014
6370277
6665744
7228041
3483393
5931828
4511985
5065353
4670256
4074946
3743153
1307545
662312
8187267
5780074
7877781
1681444
6214793
8705954
7450641
543249
491915
7847858
8000385
5961154
5016882
6069166
7805017
2793532
1091084
6346724
8600699
6298447
5129244
6739102
4251824
8736144
2803022
56888
9547488
6329873
3186937
4124544
6274160
5531660
4274018
2259048
6687419
7889440
2470740
4703865
1062006
6046670
8584014
9294045
4987897
3244625
6995519
6886169
987925
3041237
6557876
249987
9706997
3990787
9805493
5128584
611837
6393469
1351704
4394143
7152793
4167279
670064
2803754
765143
437725
9154285
2314349
5722293
8050321
1594517
1834148
8260309
9662445
2665817
7900821
2380163
3105963
6335317
6725383
6009154
5584238
2947201
8963803
1352525
9677589
5376757
1592700
5864434
624497
3856070
9632479
4312222
1278612
8117499
7522523
8244087
8924332
5358629
5848711
1978331
2162141
5729518
98346
1856434
1314316
8479768
5363754
5701845
1427146
6033426
6471977
4162823
558394
2891719
7483501
5401428
7177476
368320
2354214
687593
6990000
6880251
8029026
8492483
8326952
6341937
1083680
3030562
9963774
3515847
2213776
5192960
3316009
7922383
2133217
8201921
8334170
3233751
9076930
5407338
4694728
9607179
8975655
7310121
5797879
2019737
3026456
2206345
4506416
4766058
3539940
8195003
1676744
9100626
8156739
4428396
5019766
7714624
9325915
8190635
4721778
186396
3261298
207967
1754418
5696454
583752
8583067
2387494
5268027
5037487
7237156
1241824
3511634
4477291
1403918
9691495
5485448
7582800
482548
2686538
3541737
5604600
7761926
7645772
444410
6743976
4138055
8406097
3291231
668245
8254355
6888206
3750838
366246
9730434
5237294
136872
2540898
6729981
1484952
5524979
9827482
5414540
2349094
4658993
1022484
2655446
2889729
3175883
4632119
1855336
4853754
6421371
5728138
2466262
1711096
9775867
7950352
4104934
8420172
9625231
1769445
763192
3817246
4991299
1182688
9720800
4535039
1769892
1801744
7684385
5409624
4303606
5134225
4544258
9818907
6037478
9498487
481419
6137013
873066
2348756
1632686
243471
7056264
6757480
8726567
3923109
1293316
5016127
8729208
7733854
5249519
8600624
224339
3331932
7995407
734219
1897906
9242930
8663040
2148054
2573292
8001721
6135806
7808035
9034089
5364290
3278047
3288550
3810265
2010844
8581978
6692679
6037778
1224097
4464442
8031891
5269947
8094907
7647270
6107187
220530
9516223
9690301
3092485
9394598
4541780
8299746
9156751
5308101
3558363
5274729
3126044
7687782
9453240
2915481
7961675
7051639
1571293
8674574
4658142
8014244
9907640
228121
1078134
5531557
2490847
177271
7770069
6899007
8890636
9174178
7564332
4856255
5848586
994838
2211953
2035056
7306288
4362450
307818
5457968
2726918
693343
7597295
5816211
2436188
2447360
2294792
6254250
8104952
4877376
2737198
5537974
4912057
331841
6972475
139456
6909426
6474189
835587
2906934
2337280
4506103
4842727
1805697
2919838
2907230
9337129
3550392
5801208
7929712
412960
110467
8557593
2125159
9124869
3100437
7022217
5896731
5872451
1677695
9987591
9068415
3744651
15867
4326220
5502218
5117054
2363979
6808848
7397019
7767654
8323275
995449
1472957
7733727
1603388
9981514
2735611
2843636
1064391
4588336
5473979
1162876
9900023
7572708
648777
7996187
1362382
723026
8191607
2750641
4979715
3686775
4881066
4794354
6608421
5154724
1728989
645642
5714411
5597715
4630426
6477290
8509172
2015048
5158923
6027330
1954598
4878479
1131054
9734254
1400613
8680010
4976215
8051675
2934206
2227638
781399
2780156
1012485
3396373
5235935
9317719
1896415
1405465
2308112
3963122
7956851
