1000
8036602
8486202
3245095
1226580
6954558
3326823
5344120
2350549
6460234
3983217
516786
4372531
1257933
9741195
2566129
2734685
6171173
6519578
8718017
7164449
1578901
8611558
6529232
4703354
9398707
9932308
4455517
4991966
861626
7546557
7277956
4592410
2491398
9922972
859453
4801444
6792697
8430557
8206167
6271615
3345797
8023472
5590717
7912870
1828569
7670019
8465116
1914753
8877072
8342415
7844128
9923699
2981649
9397282
8202546
8899392
5614388
9199562
9819730
7098028
7667859
3180379
5039493
515854
358875
8339719
832869
2563284
1172447
7003515
9793898
6946094
7908075
3046129
1736510
1677407
3734541
8034012
3512549
7744820
8288422
9308442
9037429
3684354
9999551
7745241
1664712
8004190
6390215
3065585
245558
2025664
7430742
7936586
8563533
6316073
1748974
6773533
3822419
6765379
9822169
6668490
3979046
4669271
9560938
9988711
261439
6175742
6655515
3816558
5417517
4853586
3447190
2592068
3420484
2514758
9126420
5725569
7642823
8425782
5376108
7032461
196320
6547030
8528194
1565748
4713459
6875891
3463319
8152590
6822464
3755248
9777969
3106326
7997252
6306161
6596994
9724156
8924885
7942210
258053
3254412
5111299
447077
7070427
717859
7516077
8977916
2392922
3682990
9176024
5302675
614677
5429760
2865658
1410494
1250507
9424691
5351798
1446399
8851885
6245422
2936155
4097254
8544893
3481621
2190101
9584587
9594068
7704839
8334656
5319156
1792861
9173338
9632766
6235585
687086
708640
3342457
3484944
7319715
7292475
4550547
4935894
3971261
1501643
7407572
9511066
3609960
511592
280698
3470435
4526484
6573098
5711654
669983
36829
9922464
9326266
4571999
6324570
7677391
399770
123237
9278618
9376054
573878
65414
700449
6584810
3502529
5214090
5883295
2407133
665511
5984459
3977465
8402607
7084251
7029777
4538772
1979285
9474051
2140409
9627283
3542369
598210
93119
10573
4539485
8079420
6208928
7032460
2001824
8430102
3701958
3041847
7452077
3829791
3957968
3866399
8690378
4135513
9183334
3589910
6519077
9262469
942369
4394985
1359735
7608694
5982062
7429542
6271199
2155059
4696213
6717517
3356394
7857206
9884488
1999084
1450212
7634536
4979502
1886678
8818134
2718907
8054021
9252835
9692433
5507237
9330640
402848
7123674
5927675
3093832
4363479
6402432
2997074
2496567
3515757
9628439
5105328
7432774
8162709
6530983
7228736
9084594
445099
3024574
4315230
8566066
5902059
8574382
8494525
218039
3006627
9991174
2128441
5342997
4597767
1838648
3750931
2415288
7320960
5705883
7312192
8817981
9570305
5848595
6550355
8492619
8523499
1415518
9731327
4174139
1279678
5604269
1620048
3994145
2395875
8047765
9203920
5765763
5931073
9609938
1645805
8516288
1147768
7487162
932834
3296849
476897
8407891
7644696
5221793
3373728
7980603
7124355
304627
5083647
1833662
4600988
4246357
6775803
5847353
7973613
6885487
1706737
1815443
6658370
7849505
8908867
5059629
866899
4031043
5340795
6927519
8366993
9361884
6886371
8156952
3069057
8532692
9828114
2537326
485346
3983986
9560782
6019103
6577684
1087136
1830113
1779130
365012
8923026
9936626
8777259
5477494
2282098
1018328
8507398
7604768
6751686
9579977
3794595
2595801
60080
623434
826065
8920925
4706375
9005524
8553300
8505100
4052558
1753497
6775228
1972785
1344386
6499525
2033512
310434
3267634
3108207
1117819
4438466
2151422
8784109
3969481
5355677
8384565
3811172
7905670
379734
5529523
4115190
182307
1602584
1447
3318702
7656317
3376647
4550899
9415694
187780
1165145
3131181
7686292
3468059
2361831
4513829
7612092
9759802
6569517
7824435
8120971
2822964
8673392
1549672
6532548
3364071
66371
127383
733624
8818087
53645
9223339
4625131
6524420
2965948
5233398
1693056
2282496
6663730
9115131
5775786
4259828
6578589
9184236
2071710
88396
8498194
4815595
6895112
2106932
3177493
199328
6460147
2270570
2339012
4201069
9059857
4175314
7645810
3425802
6722015
3770464
3609284
5740861
2342245
7414764
6254738
4615859
286835
4855242
6524715
2602932
9579689
8615654
1437255
2323444
6594211
1396506
9413517
3135410
3943620
6685071
6975247
7127698
5781660
1334439
7965109
5436804
6742081
250647
4133772
978077
3353086
5761106
8520283
4893524
9548892
2508379
9872523
722833
7306380
7173969
31586
6550470
8282798
4382720
5712870
7269298
3104233
5339913
3666547
3967015
9433168
9429176
2300639
9743980
6057517
1456980
5001534
6048052
1680482
3583661
5133475
1833378
3721581
2194419
4804220
3752547
4636456
1747410
9520484
9436671
8898396
6882465
7118384
7239790
3425303
7002912
3857905
8109805
56783
9432651
4311836
4867373
8903158
4334136
3573062
2140324
8326516
6030261
4612726
5506862
3205464
9023413
5442874
4594679
8294208
1661608
3368631
8367459
2042737
9162081
1917515
1140558
2926880
75377
4296586
3343097
2083091
9099332
6119652
7922754
2777103
4743376
6781617
1890880
3037040
9000442
1966419
6365708
3794458
5454264
3717369
2298002
3341270
7167191
5851306
5014520
7782720
2796964
3544905
2659726
7348749
9369911
2481009
6873889
8255514
3984226
8704855
6138944
66794
8569703
604744
4149744
8215776
5514817
8828974
5573612
337323
1399873
2877154
7643072
3924697
6322252
7245542
5683632
2015605
3584482
9121916
8229920
4923773
354896
7743659
8002654
2977990
8632253
8421021
460112
7384852
6383158
6543279
7492064
6237758
4179101
7331081
8323363
5552895
8200988
8143018
26270
2480279
9832186
5916876
3447027
657993
4300193
563238
8133684
2217755
1751988
9821199
576072
3561697
3228317
2850481
6476794
4069341
9293802
1794015
327687
1353240
2278518
9638465
2804443
1255368
2642602
6843310
696609
8035991
6399774
5311743
1183083
5455980
4695110
8983548
8278035
5135027
7474680
2912466
1376933
9583570
3283391
2343383
4501642
2082434
6480887
9873374
7845347
8749553
8992613
3178018
7857688
1575554
7340170
8832145
2732676
7464314
1227893
5004608
83236
2565320
1450143
7267172
6325640
7606658
3915881
2692931
7400934
1340124
5813924
3272911
1103614
8846606
3603306
9977663
4710644
1192819
7993997
3026839
3628520
4401479
9039242
8123051
1693469
6389111
1321044
4829460
1546820
7896853
9957359
3554052
989019
8956159
284937
6660236
701740
735973
8951318
7751605
8036897
1085980
2679080
578828
6967069
9855518
3467283
8981346
3952799
3409618
1810350
5599685
5681131
8192910
5988666
6908669
4373293
1579235
1533850
1609016
6080164
1005823
7241857
7192083
8517735
2313626
7990515
1651991
7149625
7679032
8421355
8728318
464747
2048159
6767794
4379373
977021
7903890
3428686
236288
5721329
7828510
9082339
8931248
6254959
6594363
2523790
4416978
5230539
5983198
3952252
6383831
8852487
2054312
8874116
9593362
5667603
9093443
3022635
4542159
6319772
9742313
162131
1411718
9239173
6228390
8421245
4065572
7240405
7148010
1116414
5186542
4311049
9496236
7272290
6859964
34066
2015029
8367547
1332389
6057603
4851421
716141
4028948
107743
7244865
2206976
5610394
4345202
2292128
5418117
5692592
8762689
5355080
9076486
2194405
6405622
1123836
7046925
6538720
2429235
7300955
437787
7774221
7216539
4835055
7240686
4173286
3520560
7996913
2597749
1477462
8780859
913561
9621277
1633680
2911989
847547
2936875
9979189
7156282
1087946
582205
3645011
2958831
4911886
2938138
9777262
3472665
3950986
5147824
4398037
2057256
4710769
1874127
849323
4475665
7777153
6873772
7190636
6300752
746925
4752338
2641250
1319018
4680068
5101748
1868249
304182
4602488
9705834
4539390
5924137
8726375
1315191
167851
5144083
1350754
8578394
798914
8205469
6179540
8855813
6808111
9629200
9368083
439686
729432
4180004
3065624
1903694
9101094
4489179
413614
1244989
7024553
1303573
370828
4896214
3668112
914336
8923092
2912723
8087427
6804579
7562003
9217035
716681
4387686
9484921
4251024
2757441
9715005
446936
2925189
8042185
2831882
3078682
818862
6158934
944326
4246536
5258302
1453487
6003932
3992463
4021892
4854851
4434527
6299439
3435918
8230419
5642944
7792626
6419574
2650242
6021106
7186573
8352895
8635600
5366848
5408099
4328319
9172765
8335185
2727492
3341604
9271211
1635066
832990
6793373
2146542
1357019
2594951
4996709
8780828
5918334
4204039
5323581
86686
6370327
5561379
7066783
5081718
1921065
