1000
530039229
860095765
79224358
211635070
692709727
992356593
242470443
270645968
56776272
332138742
211152014
5589793
965033851
937749521
98208367
985231248
634910192
631281844
110743326
875362451
356616525
670183833
457664732
656238867
703444942
417147981
166842104
658120901
884286212
936003459
718402493
665240826
830732999
734916407
249216721
642958419
51818769
98581377
442521206
54184993
246171666
167525877
277966998
369699702
105087718
834054507
590114212
716520495
554480614
893512719
142642960
818774097
327314207
764855157
107837071
833653142
130020055
800013548
602865323
812281962
645011887
26717864
878090376
171332390
411183501
30184158
516738849
539429534
776221841
757052962
365575920
316349640
8341385
464869450
922355133
176859141
474341830
528757112
236166210
358763055
196336653
63352167
365842858
189569233
705236515
41552307
86210999
123268542
873996793
695132445
724502532
809648527
372869950
518320916
892781471
768587793
746421998
208131430
414162017
442241506
914013611
942840864
752762761
235092563
595466384
920956838
692171200
911789051
102348461
251689045
711016639
656577991
700552200
536097852
870088418
39122745
779514849
947240742
792399451
79609680
345915847
413005865
52520359
813046016
602725997
784432905
693196129
63332389
255079683
40532840
956319960
781980998
932807947
144219589
80776526
535989702
865540489
777391310
751722583
279574638
370787170
395616713
104710891
612558270
642674105
718107862
918282622
679212180
745391695
296457717
287065546
951208549
52339286
343211195
533236589
736797672
200721572
328497059
121036232
656579257
432034225
356884005
325586510
312417902
925244758
257643981
697155817
245517158
878401008
887465734
569732969
895239703
686900856
185992462
481550201
351844268
728461501
68667735
848876282
218116487
40671878
429967070
992224709
97831994
523531465
782450796
254130458
72053021
689954742
14749608
56609787
859050696
568945299
551660807
412542930
234545277
22906315
154433738
600335314
650468056
202960263
225112747
864330932
320642028
733718558
100248619
154155181
118100450
702589094
265560419
978882231
286950911
821069320
676796722
874562669
984149290
916907374
87211009
445924571
128712123
201717768
39597707
763912093
216143263
792969616
216263790
131507377
676956482
402647775
106337394
678358225
850755807
115285502
541844207
570590597
644430788
431210575
650846376
110475311
801834595
630960989
503974940
129543285
533903345
135821335
794287682
302351019
580332890
161426454
718351251
696977930
686455362
962568085
469862227
429993469
410137685
724700077
942629758
889836724
40441752
64195204
220252668
850231524
194921601
349500042
639076224
450860211
758096747
753699131
501924328
519045599
497666797
405682211
808989679
913535027
333261232
921800620
813218003
106439450
80785843
278242241
539678233
759739119
954644184
266801977
704838484
123021681
955612517
421620898
782901230
967968761
128659181
126080725
321868024
314944342
541775786
793142154
783695152
454277665
978976778
500414072
802636717
80420211
109875146
918325350
765021024
61257819
51889293
54598065
309092990
841102579
37449733
690948108
239143244
710027128
318453251
239176798
212817055
504382132
555266727
652131876
995091121
787050835
549500911
786232225
875381419
44950922
209320810
5321859
752818237
399402450
788844583
236545188
97937973
950305740
935093469
306441502
419336486
719952353
491423868
625168654
118091713
887723519
762377028
13236913
647118403
935651003
999680960
598745745
970790674
929315897
215803224
929501167
607143791
663234084
858221610
474199059
503725926
956471387
919211133
894098233
423671102
578495846
469486335
653647554
128514870
880577208
225236487
227931351
568356191
637255671
120088491
708361513
659574934
428331850
980914549
701331649
357270948
466481792
776598661
558794280
806971841
233948212
79647324
883566282
50482190
775607663
518954876
541321043
123992808
91160798
148680809
268805082
165508526
85427102
381933311
897111051
778966486
776457221
51206370
655374947
854039167
639562531
968835482
13018393
19213827
535122919
953127635
789493064
77488326
842297178
188217875
981060611
854040263
783182414
857002002
112260624
563419680
365968488
194781461
354596606
228222718
760035135
770919659
916318510
256827933
928993646
270185835
186291568
655836955
276674807
700882692
425668115
619360688
677310013
409391759
437709815
633534329
280170341
715286606
555258875
855525646
480506604
156396633
416472285
680106058
316771553
936922503
149110172
587805639
140288626
779943214
410063727
738477735
329219049
473683295
64977615
144837173
109242103
83843778
33835230
194986942
483235470
226001877
533890289
631824204
955279587
265991342
460078137
551106137
39687727
293595921
635950504
320877434
322206221
773585375
913324390
405879146
284011062
47011845
117178306
77659758
955042652
654378473
409747680
387460058
339996294
760970236
939815074
815803883
941109320
825640622
875127323
359118538
991526442
116121137
91711163
86755164
968714005
899242696
616898230
123301196
294463004
543591967
684944511
341525656
775905295
563975627
670838796
717855320
900032261
605361694
22198010
159016310
413506605
698163984
374728383
125561707
406463136
489690829
809064811
23151789
736560474
670386720
483690874
567610976
804439772
958496956
393896134
884081793
40359282
863454065
903829541
473041289
996962470
997857375
596692570
236638064
414413210
12161025
774058886
982441918
452722289
728661339
644836132
445885283
923556007
533770112
678277626
324136566
184380524
393975503
992003872
897573557
646843984
189371740
348109283
210524272
969794125
892046546
660006438
390099157
794290001
653679993
217275783
649374292
828356247
521285647
605086587
925404227
77593575
638024543
546127855
395869830
810054764
193159974
848075905
52658306
562737109
25673748
631433283
121027209
947089508
820854995
574626613
354955077
581792326
812910292
502815516
365399859
700155809
132901884
478140709
229955734
864069865
977719918
21983052
424683654
585008142
33784137
850046338
94289711
637511025
901732934
236839383
826649098
143647106
244145407
634217365
938798478
534882022
390496838
133191714
221922891
118399258
488683411
113962100
754762973
52170292
667417120
258953667
370534084
349275408
859351450
380352943
916469118
649320675
987900844
336729867
366497732
769108332
335036125
427440434
109400186
108120622
508916159
47356834
857988214
309439720
891164116
971904385
670040844
79186226
312617924
963855942
904582184
605054562
828387297
910822300
246628008
211642087
349691230
118058775
960551163
749392027
514593161
780066569
120749391
650165638
469581469
405650409
152511937
464132808
741283646
833590611
962199163
383767759
215679339
547901054
428335303
325743649
984277040
931608710
290160636
43389677
324068410
654669721
434901167
541529912
240143613
567395416
701819430
219799918
579702265
248019356
33999251
282810053
610159403
626709143
524726360
713824423
637725106
760321654
241707620
145115316
361446153
630114518
459279707
356593601
332830055
701788399
204243239
24180485
79792102
602905259
946749323
750252972
993782476
533547023
253077224
685303240
465307652
143462793
284397189
478352513
334078011
877884590
586742987
907170062
306192057
630443278
640750905
818653790
534754612
156358394
676205047
339685554
917954318
12324022
552283178
774774657
730636476
808449957
940660808
750641495
682416570
24216522
188259560
777627319
958064078
526638431
414161386
13483653
989998962
934151316
470672288
57958685
704360574
871265229
109737470
645882933
703597495
688636758
766425886
634635949
942090653
295184852
34314201
436762178
649096345
790535377
79206169
358422165
277384366
584539226
59247798
340600680
135816528
117626794
706621583
743023205
20480581
469768709
790507487
447145042
786934005
341275174
5586398
380796505
133869971
83952619
783984688
308938312
332692314
397675987
512382611
914564214
674223349
720439737
29142908
339652832
685396622
123527121
258131284
935114570
96559086
870237717
363013661
891437111
432430088
162522009
643914944
165294120
368864246
885424704
231130493
967228098
695657808
89123309
522767520
388955169
938482670
128829571
328256062
504678955
523789957
663089396
730770329
786910807
797968010
33963550
381211421
936465001
443723572
680512070
368449272
126640851
623973579
472737683
46818286
995068132
904596389
27528055
851445410
985442844
388406936
720019007
695052793
27611826
345469264
701830332
272797545
246336459
847864449
75408872
698722523
693499151
681214541
553814402
630272543
643304356
103534342
797537208
120783207
386966068
659029501
315428842
154190137
555428221
769397542
785304230
185482477
324244476
221033888
684635243
849427023
530890384
514765584
999276226
649123010
910825387
373071159
795408588
529887145
23447590
688779913
308182714
821307932
639675901
163291090
493890650
509306537
799913370
702245299
193983568
71921985
716565893
940854110
431175459
352127707
554742078
272434647
254398888
782793329
952470145
292230041
176646086
308280711
536508037
920250859
923733046
849181695
598398711
730367332
419407261
713871868
304738124
398109952
182764665
817495666
744713890
365553156
350722659
346743004
733628977
687943090
579316256
744067193
367816714
697122775
740902623
782711622
876054576
588353084
954231347
728902707
831483269
899946817
232585824
409833002
799121534
416509900
445387784
757822229
743972274
773651237
179388074
487720874
998856006
137765882
245676676
502956160
117372388
407556334
772675742
787368646
869318632
358180504
727300154
909620687
936655569
965491221
731439993
447452976
371978308
240237972
547423621
342971932
603666932
199887398
426605501
782082653
666365005
788170506
922159157
675956783
378855024
201145554
114098327
818803410
195789129
686924977
3994450
221578973
949262382
635946383
632854904
127585783
403974635
987576939
516642142
772854793
220371256
912043648
409949920
197969619
824907981
137601946
704918029
507768401
912371350
924808835
157739209
411513050
328174278
88066019
401589048
831751962
415834677
93122401
