1000
838406525
376420875
182910074
82895883
981032422
846120434
167443396
100454557
866188175
522864204
773477140
164573547
812780317
555811438
487575634
438766269
79848153
7502532
849527554
204967025
162845714
460102553
416552012
658435443
640688216
986725108
612907629
304068615
647936384
574035605
258709619
686647693
992379694
636335493
38520865
886982136
260818493
911547927
766267576
662160204
623768550
861351555
590592440
290094672
145540935
872900484
335441649
562923074
219226501
453187260
78374477
730411646
647789600
57844637
398598773
293819515
633033301
158149199
121635428
478524445
751489064
591328034
481121612
769456665
8784
419788400
634905333
321835291
345122006
80008983
708613622
65550187
333326639
825955461
251436891
662148013
804156058
656818306
244196176
948470602
718932045
465124249
870253149
299752381
176552890
391025175
75498963
93682014
270580446
647652264
303374310
748544312
54886256
184990287
855489079
623690802
246416840
570144616
984371331
369649513
202926106
306408963
891417088
71832815
679863783
917035725
31631431
907598700
358521537
787698477
936121274
967478759
382880977
77194724
884501949
732399624
981852963
778524413
584314570
965897494
313416257
417634652
128871192
982338278
844548398
502006598
868719075
521949888
721580821
506420788
704920297
297128201
957001091
455075665
98376732
797189347
729225225
369309893
901198475
902657316
430187546
871925551
376598918
923744122
95107790
737341092
662262757
242138787
525447603
103135092
841896964
617645685
549229430
10089825
517348833
407713225
881315731
606536360
47627037
819526995
287301490
214110819
285498164
728732728
717129340
767632239
297368156
79812788
776446843
461672606
692371281
342935870
941469929
11476208
801520789
207866153
382272578
321362968
150508742
595801150
225487451
909619095
540690143
610244964
805412603
103814625
235314870
343177376
27185927
23711776
77300669
704882707
365075775
840608306
191418241
245873530
198440969
512371256
272606835
375791259
652497974
493529147
356346636
998019195
221534769
158777060
661496323
152377159
674692390
886605941
58960406
219587429
344089578
70536804
116470865
422173980
280679442
808633460
346303762
498899394
652121620
514255115
740105321
157460664
214199212
444232490
449415923
486286325
988488673
452957992
50327940
815217219
901730453
78535920
36829553
217496114
686932747
656518553
13066669
439578524
223434127
925922966
179930830
229721708
196490369
240205915
159471592
406091498
488466378
766722554
162491804
307269495
409548827
983515536
310413577
167750038
138138585
551612806
220490954
445517959
127043519
500736980
909708847
623603773
753928502
469695158
851495376
742823266
41096049
834788027
773788210
758810631
642191128
673963261
371268189
650925996
672637343
335790745
1345119
137585880
64200055
478212796
63454522
507083480
279193470
860629244
282101849
565665035
924307359
56639414
6295056
617860770
282522484
274146570
697582959
631372079
818171128
590500271
127300889
232159544
234840496
38816805
41666111
625629371
60675760
675252591
163507249
815021023
121533021
934965395
543042865
741125258
587509505
727390267
146847648
106242529
502374297
645745555
142671869
885317166
543542772
739071604
85803641
217873548
395816847
735345137
672232734
267276395
557665602
941237152
711945143
257490284
453688070
912604022
870726196
656036989
596045015
290288509
520971961
427489286
519513081
394855378
377077219
830442851
652608441
848260809
774056219
386320934
691066800
885374683
981934588
711671692
910407435
851749430
619063812
561219071
675378109
115640613
76252455
4391408
979701475
200054922
19175788
369969087
266757476
624832164
810724828
935960951
873226740
210853086
531587074
578550623
684674170
642764883
502272078
270166803
583354505
422157936
879700678
677233942
544632255
660744898
800165657
854878411
197728540
20770563
969968191
346131073
925508285
615031775
79962415
966426358
237271675
90540536
131512237
443246056
997541704
889060664
639985153
893520798
269891222
502756549
654849215
540060197
893981424
829923717
563096546
177014826
980674624
284040724
151611720
151864891
818184995
229173097
889027275
355249299
73139486
579506883
540240632
840927608
671432539
601898117
807910342
242317075
889374975
739595468
150813823
394127271
779815637
361421078
103916514
738530085
30146541
224548030
100753382
300814143
633629920
803201565
80415949
120085526
862067741
603913105
346062573
595246674
952929258
408776230
304676907
395001811
659014396
269560434
515518122
463765673
238770969
84097797
443231453
421956173
823407479
793868244
613205625
133185938
865404266
290147137
939854040
719480276
290752476
871826917
661846760
856611293
384663438
161077286
311122293
443786775
816536032
418634196
999702903
757006569
819912706
391009608
248957235
686847059
737307587
671620459
817061815
691278868
897199185
290133221
196333078
909092672
309624765
758194284
944245838
603436525
125328962
110410663
360605420
124396037
775289651
350092982
20365994
562178852
7219044
899738131
419033487
497669980
735580933
177025166
502526787
68329538
687610682
936906656
889754329
940672876
785237874
936549658
953837760
776999056
10332535
608266
540659566
865739217
311822204
161927533
658675945
589026490
733649537
238842345
510972851
808442684
892550017
141375782
144627804
485778985
795297967
607116762
491196809
145318910
809179113
917922090
292125056
540539
837463749
124987172
857810431
164166699
515727898
623337532
296640804
548634823
757364246
802632813
224477261
402896001
64216095
855353104
243315016
735627732
863379680
239937406
300917128
782832335
230918376
327853262
963192480
807037255
171402648
19902346
608304096
522344387
887741090
369091349
356947083
805360137
921145832
915733738
222447085
938234466
261311880
196361547
735388727
401464468
817002591
445761987
208101186
685854977
85493814
744089230
881343391
158706151
988355062
96547048
25659250
678906245
907810092
286996462
523877364
66490707
956849316
220151296
276607379
869505033
200378680
782199930
774382224
82207772
484527440
587955705
688715538
74352862
636386455
955460361
544427395
256619478
958600836
773725570
259368695
332715416
850950378
243105145
558887900
464969176
190734688
326174981
709048158
366050432
337249413
209523664
989170795
654422609
559389962
377334753
986887702
643943077
886732412
955032825
447785378
768380819
212011414
188621111
452354152
726497450
141085526
985973237
782415826
799647683
154907341
733444206
757703351
734715523
507914649
244405124
160488003
340642005
879573608
287379637
821841993
550505149
927613391
84323621
832777491
548782675
43582753
841464909
442408998
791071345
80171355
813750235
659094287
993096955
981714486
520562813
566160073
54337416
522040110
19402874
348353503
98637282
196443549
751702962
75588626
96812622
107326328
214667170
897796453
799390569
526480227
796398627
451352695
824309969
705028515
272645112
730733758
60826771
971357916
531869917
341296059
84334026
179299190
282804945
150998947
771881828
573388874
510537245
979348269
973363562
828268998
349123004
842898515
168911782
306382688
542292348
268833791
348005424
277116152
421964632
854177211
912386332
111846963
700260737
336397615
220372429
314984572
610010794
110891782
495935461
394181954
738560146
669894308
366359346
961442126
915955042
857742882
938111655
321452795
297610580
827065564
546736077
606539069
385298221
579033087
715837523
159627159
724345917
23676592
283710236
752190622
732860222
735308844
737899697
395011396
524042808
544567257
631058711
66139012
511195715
944892442
296633446
149315693
56613027
173803375
683387475
15415490
768775412
517616833
740302026
20506950
942756089
92116544
436968419
423264620
911959770
647049287
637727014
84720195
969862830
241095446
606804118
557271751
533999936
909676953
858758075
253043087
534878307
560921027
607263401
551379137
837421943
218076382
490719633
213761048
23332211
845499105
479797458
117127948
280497353
344196862
477266266
397711593
360276804
623388823
783879859
263318053
244035913
829836992
143411773
580467845
831177423
322666353
365927891
370873509
698639159
729924551
98631351
413026880
302482102
233743878
859948556
807681694
394746736
901923585
448138322
584680938
956319425
85209856
589310566
36152896
817880195
715636237
830082202
827159881
139946017
532934400
380391605
592389819
77154091
103952744
998804138
996028442
438760177
336806208
754774590
768302173
900041562
984109180
225821090
837362655
957315980
432423770
588529312
351553874
467436960
897056157
659584457
8322675
850789559
59054635
941673247
121436421
791325107
226742493
585846666
214714334
8305500
995557651
50031371
29287621
858381163
330210446
587683680
900419560
703648819
632827971
861918666
889932137
780147836
666514114
653858487
748045163
675648232
645006154
532230740
589984963
454391178
645111274
963012984
329534846
434059611
462476268
976448375
35200517
282582296
220451849
479749554
677956714
373517133
856219512
261218125
220760592
682449955
943588270
548520190
321557252
767997063
719192288
296307038
559953430
783506315
713690821
442569900
25253151
306749489
225066301
221745893
813180333
390946141
242210087
682146312
855576413
709421753
184911150
121678675
474316879
599633196
760905428
410536117
845426298
233802314
845316975
363314266
761638770
943649014
639525853
615819405
808597951
418955557
709394848
460470955
63328292
646266092
989377155
691047717
26920163
345331203
281458337
69317886
442108346
835390660
178553566
33334028
177381032
426588358
960390384
767226140
729410265
312237167
349999506
443872076
196864239
394584397
962062632
811625343
665870023
747466697
822973818
701347436
768738991
786883448
576579067
443896876
153037665
515725310
670739549
427574536
798583914
59279128
287305807
518742735
901124316
558357345
318709459
554164673
227554089
384314940
237238296
573087115
99548186
313203297
316508256
905690241
825355401
150036738
946887373
913055075
337091127
683664966
134651778
295806066
175593723
135729065
552592767
688948436
