1000
347140204
912067353
439914511
168910335
821802715
992728857
911937863
613199726
838047078
613843365
778628515
334680366
142423696
362638537
900335792
317888968
475393349
892277032
605815589
61967764
668691000
6904583
648880375
604232666
779611033
175186225
348850473
597974983
385684401
297734391
705868227
17423264
72330167
797826061
648767175
996672557
361511112
329258412
300844992
621295953
933327938
982512789
521485380
346953227
562285603
743400237
85493087
395164265
997031619
697208476
387816180
483230293
840522569
495977708
355448169
138699544
982788559
556378607
560745433
594626389
811297020
144193313
445425401
842368080
319626920
598835979
304497433
428152429
434937379
734304239
281052940
527139667
35206447
899852630
42414073
357053633
625368016
861240012
96308227
713072595
627500257
105564860
768719426
773318863
481607924
444479410
732527344
424714782
289771860
310232900
717985999
312510145
819811216
608495304
528700788
687181959
594865684
842756848
348360062
802459496
499031684
289200040
542940500
308903752
557592388
673562117
487052176
385770280
532567723
677232158
789144131
234350999
68415208
922974961
372254499
309685194
544863163
637425725
685235928
487095712
613446510
807668780
634184864
561138830
689497985
487840098
244236447
554346017
556137288
678470106
184874614
212369337
279272204
841241369
150612975
746953447
520109976
200368955
507807566
270208806
171604883
750605781
746099456
70458895
344460024
235026975
998960578
664833630
354609406
672369802
631132681
609080091
719699115
958634133
561435084
97327321
364686270
584289590
765929530
26527505
821449166
765047165
301969697
584833563
961730462
277478654
564062260
49872133
10296095
363676383
474530679
196127239
860556313
527844695
366539932
423825032
891262955
580958403
801709893
700583499
618475813
802075555
269158891
898758039
241723900
895535930
858466987
451079141
155952057
889782705
706250891
376142677
802452890
310391589
453572173
119316432
940250866
994733474
90279124
599633919
44828201
230647644
834475810
360673280
902002019
356413863
101445700
297634743
627833307
613747987
740289327
447995984
992497668
331473412
771833215
704596344
574093400
904139560
96123124
358316360
21157499
799068338
847330036
791550206
39190881
334044538
566778014
776850841
597169912
816331536
974347053
651158244
774053511
695018332
259891520
457396098
557099504
896308089
176723542
390275391
975717471
407775150
43098026
890793455
174465826
615993430
769902508
786849023
621390694
369976432
137776113
236005405
366306904
128381327
405105568
344022271
792411638
149597975
180150446
295535013
116143767
549991857
898755807
178987476
648942595
539560948
774398376
289785710
699367866
221448984
67352434
779751833
558871200
269905583
413416781
35272188
298856975
757091468
693569265
747972835
238996608
368787697
508667429
73203894
188468580
221855870
765634213
936197841
679092470
346975759
640525729
810528403
887055785
598625713
372065504
192068498
82626060
423816648
290989148
768871130
701304601
404551406
295949315
429227589
395864072
21766838
963835273
742925291
843689626
488383688
906934607
444317069
636385601
585885196
440629541
118295980
905320960
287194474
526994617
104954487
847874659
239988529
515298737
612329076
772931901
905501785
477251455
271594115
145971516
421909704
938827382
980459432
107649944
68060995
422716778
341047745
302320713
218511036
135519647
718529503
448809743
812789494
72670442
251827921
883048085
329786361
382501938
251593535
613327410
131206071
771443387
466967090
733618115
967221064
754389617
675257180
145881321
493120605
750724426
579023787
201993562
239537631
685847828
305318322
472454130
404142945
22343267
352189923
906728764
132947589
263374554
521838736
16264096
262323813
564778610
749635483
648024913
56848637
386534734
893121773
868910230
515230729
673473937
299805355
697483623
828016802
624684593
563750562
213054010
94101932
470161199
275837560
680477253
442906677
11795992
165732431
76979294
778204299
345128210
356044959
548923567
582921336
647091442
775200544
270373578
629862900
439640649
220294130
161688479
971173405
349195839
177789538
655981249
672759384
413953121
745123989
83422541
34104661
230587262
117681839
941076894
889453136
775774379
356711778
443805842
604582456
438583321
151551101
103883507
665302952
378244354
454153876
223321861
503412399
306423851
107996272
630444999
991484026
704889332
141994960
422914364
737866106
963317106
916706835
834395192
907018616
122929349
434704937
972038390
14352088
7243217
309147546
970643345
698493588
155406336
365702264
62357145
359367912
233148317
414913595
289252303
37101760
337854670
660377633
638384006
226632932
995494268
327424203
662183440
588445967
674641051
579639029
675142036
348829283
655086481
142936359
815351011
888493885
780830172
745594307
972809465
846203447
111080109
632192924
11453727
276825294
611045781
303179922
535391959
962472719
753661123
857259469
289502711
303582566
431569943
429539950
374281813
506981407
133801194
488110889
950579791
542472713
194202099
744179361
844994727
223012158
322509203
56346867
243252785
828215940
276489957
713044244
801278797
552714621
761402620
160344249
443739847
4930500
601593211
550103846
374719017
229072503
355928859
32436832
594859875
904846987
885265745
194816678
210046558
664288300
121175085
237108879
707914119
101585274
560625134
72706761
783527694
179275167
719282603
341731873
629330876
55001952
158438672
810501239
46893740
580751342
847756592
661286700
125655427
115415082
513476080
808234011
677059962
51156359
165696098
319718492
416056395
39311503
863828396
884585453
321406489
206339846
138552740
62334466
359953042
555315462
447815709
690661009
194160505
450125374
107124615
577711370
789386460
793966401
398967075
310855626
940982367
906940304
769014740
721465915
609396656
74087785
652287954
779756981
846126638
82963059
445969803
942734953
153977662
418057932
407975021
463463835
433049380
443562664
90029912
354488897
830477746
731698587
703446340
225734315
504314003
907796040
870461646
734657512
773595734
455808886
832073442
254505913
563537100
271635823
521769377
578931144
822716488
492682512
632514951
48593823
117755132
739695661
157301487
546594
105507753
521112130
12809470
72247714
573809432
455717416
436200449
419680969
783522666
745232921
231413221
353584548
898354613
698971365
812714189
269998806
37925488
577497634
492934583
371811481
50858004
883397335
190600547
23739735
314507869
379992647
3317661
10675257
448456550
678166784
130853079
811589993
85076089
512075598
361504193
604911248
670887041
39882866
829036659
414357910
579613980
694919095
425667253
717480854
136794188
400760386
701742659
973520499
100249419
806585581
867301527
422509277
925115276
143389939
779712855
758582505
999566712
92794999
208987068
126902628
168762184
214622183
413660699
229141236
350018902
622512674
221017174
522689726
967657549
864563165
310778836
971581751
501934189
421115957
785863183
947354711
710494702
222260662
463380577
99826470
191815253
954360808
84091378
487247239
70505252
939662523
542460028
550227186
379112595
368766470
784521143
145963202
261695611
960317051
842508061
602249882
610280329
93810855
166997569
59560758
862384180
245877404
29902693
155687550
333991390
864379477
733936125
424739838
952580092
702004009
887437795
39599629
257886226
52918172
310309922
545414625
58532574
642264873
958405929
712230012
740735625
538260854
573315358
826414011
271438974
728559243
796069325
694313829
729354743
373249007
286541488
879320109
425152389
357656457
67864871
945199289
936660414
797576384
987880944
599830204
636707705
608192542
118537434
680135437
618704137
698361433
331889607
699982074
144507297
687238475
9174501
61130533
793686242
985852942
901079959
214685525
772902248
368306413
939289662
959210041
701015509
496763631
383941083
561344550
418321853
644331830
306480436
595307092
725002362
230748997
917131006
807062831
296214558
211926515
246793603
64385502
466408526
276215371
473043555
719618708
937576896
21477045
184237058
87754076
814969430
863514616
589065252
224823424
211391455
732225738
761189497
886932798
846564684
280960330
898308919
741903237
35753522
812377941
650068261
584085518
436282116
462598241
512017253
84771426
725766914
938067670
522965801
655897843
860182092
305049841
590777666
353893466
688620647
978556619
436474761
856311235
704878027
911962125
6264604
328695471
970811126
83433888
670755410
959785226
956559765
196391807
874790568
719447442
154619663
498727437
819133674
335685458
206878392
821804220
133577967
620590697
830112254
614171057
285548739
18187755
520723818
941277365
280660169
52747032
672928872
399908020
280864174
181821422
841862056
232880429
902928653
472317797
882115602
285611055
271409401
492847392
89700035
526474653
6022735
287409444
216668008
747775787
786439040
95281732
96400047
167150853
730167514
959960532
993025170
677411515
661903194
652865055
65251763
556213812
216654991
594401784
204000083
277964454
617195841
73606780
829338481
955681249
508110582
252157634
663885261
62223452
272383041
703529620
484667907
423357686
682505695
629362650
692463118
659838911
349160652
505072018
797930988
16468066
373260852
852069462
629820126
581399206
472048773
897016244
398694279
103607979
357441602
883172880
101369477
625930905
592573435
321022243
46806387
528681204
287967188
529646873
977448289
202286284
383298259
663270506
350973597
267743203
31561980
15722734
524665819
544689363
244394635
916884090
343686499
102304895
713969856
633156302
463443431
427857565
146178248
521624688
688315474
866374958
217248303
221502653
697853415
217508368
665913864
418914396
708812219
579242473
996394771
360069981
951367346
481925539
161781304
171261086
117822448
473035228
964242082
973741782
71197959
475463548
164147779
293138167
223897920
882479543
454098075
923693349
343804407
261429276
21601431
570398038
793802936
908208885
912669036
856506078
392859919
347913801
451595187
571651056
238772197
893316735
3759180
940065464
