0 1 41369656 410924975 178899348 50083397 388720872 109340546 91158768 128791227 212918635 78463711 345115727 162463588 72701424 279012694 78298400 103992983 414199621 131108922 236177190 52367797 89535431 58725654 282989927 394204545 269739872 10230785 59603847 192699485 357208642 359824079 43890637 317552120 283502774 243496884 162842942 231303450 231952522 
0 0 1 413050185 199662370 230263200 318441037 3476622 175062255 245678973 96604735 114090314 34419673 115836429 260998694 350328024 30304432 159970016 393601814 133638734 88005244 352087776 428800495 335724332 426826161 178418546 15138046 290539461 182204729 372736534 113287203 396497838 270739743 227395255 199584476 303055250 129087146 156229360 280466249 
0 0 0 1 413050185 178589232 295787445 274307630 71004099 271589858 226886555 255719344 196502839 343825886 206220567 45534041 210612530 389499257 298228198 392931775 252314274 247420947 236250878 356759701 115782962 83454979 406396299 318856017 275744242 181800119 225579237 219022812 365708808 8940859 337038019 56229364 258480360 72168322 367432848 
0 0 0 0 1 413050185 178589232 213637446 286613224 268914766 401615714 92461684 255469130 178248428 211913553 90476695 68213914 291839360 302708542 111902775 40044757 184224802 256080739 432818460 203721753 419487437 2563520 199391976 266352980 358756903 33953829 423240653 212776561 407634519 159585808 295303992 253476421 344145755 163035838 
0 0 0 0 0 1 413050185 178589232 213637446 51510511 79631299 238052446 332011459 289967644 336172567 148908925 180589141 85806600 199628940 34043447 136893389 427724156 292622230 204318292 30905779 47138310 220325762 221141922 28392993 63287090 219902908 432153613 222703135 418339332 130931977 39699875 169064720 192772492 8656986 
0 0 0 0 0 0 1 413050185 178589232 213637446 51510511 319112410 391906233 169240859 152968167 120933946 156158839 232866578 66535570 191808021 266791327 249314431 223707581 359504209 363546481 58107606 173499922 28603770 25213092 289080584 191490342 208099684 265921470 74546014 32290522 115157226 346557765 53260803 305563977 
0 0 0 0 0 0 0 1 413050185 178589232 213637446 51510511 319112410 138032258 109695605 167666516 192415545 62626780 185544085 116706439 150140370 95689930 422840556 271757153 354111260 124599683 55039522 15252332 369110866 273635262 147247399 295248481 271854251 310448169 404169666 349304320 165379246 230368303 267210159 
0 0 0 0 0 0 0 0 1 413050185 178589232 213637446 51510511 319112410 138032258 380055886 296495744 86615561 170696911 208945088 349687918 30895730 78308528 157440 299468194 401455429 146838969 208608833 167315601 144135173 183203157 300526513 420473121 204156252 405727536 205908338 330055212 428316350 393433551 
0 0 0 0 0 0 0 0 0 1 413050185 178589232 213637446 51510511 319112410 138032258 380055886 74051147 155852037 275706132 316062411 3087207 401011941 70597054 337204499 330025194 200405104 347431974 5467875 224590553 371617002 357262028 43861374 229002132 432528630 322587388 125556423 159491660 244606247 
0 0 0 0 0 0 0 0 0 0 1 413050185 178589232 213637446 51510511 319112410 138032258 380055886 74051147 279400020 403119289 87199656 120617072 46804829 276472733 415549403 349748604 320469246 378533496 295312071 264792485 373936562 282412896 49421760 183037884 37056744 407049834 254661928 128358353 
0 0 0 0 0 0 0 0 0 0 0 1 413050185 178589232 213637446 51510511 319112410 138032258 380055886 74051147 279400020 210825883 190498857 138758589 315064900 216133406 351137769 26676335 150116752 120317521 53149190 233766959 247463855 343089610 348109819 331091745 191887089 317705739 21922553 
0 0 0 0 0 0 0 0 0 0 0 0 1 413050185 178589232 213637446 51510511 319112410 138032258 380055886 74051147 279400020 210825883 370876055 143380098 218075963 15940847 303825585 144859930 286484055 219483786 102431879 417443715 30658154 167947752 136742700 31873047 164656459 408791526 
0 0 0 0 0 0 0 0 0 0 0 0 0 1 413050185 178589232 213637446 51510511 319112410 138032258 380055886 74051147 279400020 210825883 370876055 188520324 394713174 369344438 366090459 184822418 29920988 352073504 205484384 176811830 362516062 159062610 99980764 402678775 367414040 
0 0 0 0 0 0 0 0 0 0 0 0 0 0 1 413050185 178589232 213637446 51510511 319112410 138032258 380055886 74051147 279400020 210825883 370876055 188520324 172602524 103999017 374451705 2849466 154003493 229607302 192261784 331206244 79896159 421406679 388090727 153700072 
0 0 0 0 0 0 0 0 0 0 0 0 0 0 0 1 413050185 178589232 213637446 51510511 319112410 138032258 380055886 74051147 279400020 210825883 370876055 188520324 172602524 396005043 73268934 327630902 23513275 54490377 42638976 80225797 324608196 306255830 369416181 
0 0 0 0 0 0 0 0 0 0 0 0 0 0 0 0 1 413050185 178589232 213637446 51510511 319112410 138032258 380055886 74051147 279400020 210825883 370876055 188520324 172602524 396005043 63549904 268083970 291972607 24084817 323899534 239047890 147455244 243954502 
0 0 0 0 0 0 0 0 0 0 0 0 0 0 0 0 0 1 413050185 178589232 213637446 51510511 319112410 138032258 380055886 74051147 279400020 210825883 370876055 188520324 172602524 396005043 63549904 265058784 323719259 40912917 198376382 112668744 164343341 
0 0 0 0 0 0 0 0 0 0 0 0 0 0 0 0 0 0 1 413050185 178589232 213637446 51510511 319112410 138032258 380055886 74051147 279400020 210825883 370876055 188520324 172602524 396005043 63549904 265058784 388251172 369231340 427977648 87979620 
0 0 0 0 0 0 0 0 0 0 0 0 0 0 0 0 0 0 0 1 413050185 178589232 213637446 51510511 319112410 138032258 380055886 74051147 279400020 210825883 370876055 188520324 172602524 396005043 63549904 265058784 388251172 344265181 107504290 
0 0 0 0 0 0 0 0 0 0 0 0 0 0 0 0 0 0 0 0 1 413050185 178589232 213637446 51510511 319112410 138032258 380055886 74051147 279400020 210825883 370876055 188520324 172602524 396005043 63549904 265058784 388251172 18350334 
0 0 0 0 0 0 0 0 0 0 0 0 0 0 0 0 0 0 0 0 0 1 413050185 178589232 213637446 51510511 319112410 138032258 380055886 74051147 279400020 210825883 370876055 188520324 172602524 396005043 63549904 265058784 406601506 
0 0 0 0 0 0 0 0 0 0 0 0 0 0 0 0 0 0 0 0 0 0 1 413050185 178589232 213637446 51510511 319112410 138032258 380055886 74051147 279400020 210825883 370876055 188520324 172602524 396005043 63549904 238241153 
0 0 0 0 0 0 0 0 0 0 0 0 0 0 0 0 0 0 0 0 0 0 0 1 413050185 178589232 213637446 51510511 319112410 138032258 380055886 74051147 279400020 210825883 370876055 188520324 172602524 396005043 301791057 
0 0 0 0 0 0 0 0 0 0 0 0 0 0 0 0 0 0 0 0 0 0 0 0 1 413050185 178589232 213637446 51510511 319112410 138032258 380055886 74051147 279400020 210825883 370876055 188520324 172602524 264376963 
0 0 0 0 0 0 0 0 0 0 0 0 0 0 0 0 0 0 0 0 0 0 0 0 0 1 413050185 178589232 213637446 51510511 319112410 138032258 380055886 74051147 279400020 210825883 370876055 188520324 3560350 
0 0 0 0 0 0 0 0 0 0 0 0 0 0 0 0 0 0 0 0 0 0 0 0 0 0 1 413050185 178589232 213637446 51510511 319112410 138032258 380055886 74051147 279400020 210825883 370876055 192080674 
0 0 0 0 0 0 0 0 0 0 0 0 0 0 0 0 0 0 0 0 0 0 0 0 0 0 0 1 413050185 178589232 213637446 51510511 319112410 138032258 380055886 74051147 279400020 210825883 129537592 
0 0 0 0 0 0 0 0 0 0 0 0 0 0 0 0 0 0 0 0 0 0 0 0 0 0 0 0 1 413050185 178589232 213637446 51510511 319112410 138032258 380055886 74051147 279400020 340363475 
0 0 0 0 0 0 0 0 0 0 0 0 0 0 0 0 0 0 0 0 0 0 0 0 0 0 0 0 0 1 413050185 178589232 213637446 51510511 319112410 138032258 380055886 74051147 186344358 
0 0 0 0 0 0 0 0 0 0 0 0 0 0 0 0 0 0 0 0 0 0 0 0 0 0 0 0 0 0 1 413050185 178589232 213637446 51510511 319112410 138032258 380055886 260395505 
0 0 0 0 0 0 0 0 0 0 0 0 0 0 0 0 0 0 0 0 0 0 0 0 0 0 0 0 0 0 0 1 413050185 178589232 213637446 51510511 319112410 138032258 207032254 
0 0 0 0 0 0 0 0 0 0 0 0 0 0 0 0 0 0 0 0 0 0 0 0 0 0 0 0 0 0 0 0 1 413050185 178589232 213637446 51510511 319112410 345064512 
0 0 0 0 0 0 0 0 0 0 0 0 0 0 0 0 0 0 0 0 0 0 0 0 0 0 0 0 0 0 0 0 0 1 413050185 178589232 213637446 51510511 230757785 
0 0 0 0 0 0 0 0 0 0 0 0 0 0 0 0 0 0 0 0 0 0 0 0 0 0 0 0 0 0 0 0 0 0 1 413050185 178589232 213637446 282268296 
0 0 0 0 0 0 0 0 0 0 0 0 0 0 0 0 0 0 0 0 0 0 0 0 0 0 0 0 0 0 0 0 0 0 0 1 413050185 178589232 62486605 
0 0 0 0 0 0 0 0 0 0 0 0 0 0 0 0 0 0 0 0 0 0 0 0 0 0 0 0 0 0 0 0 0 0 0 0 1 413050185 241075837 
0 0 0 0 0 0 0 0 0 0 0 0 0 0 0 0 0 0 0 0 0 0 0 0 0 0 0 0 0 0 0 0 0 0 0 0 0 1 220706885 
0 0 0 0 0 0 0 0 0 0 0 0 0 0 0 0 0 0 0 0 0 0 0 0 0 0 0 0 0 0 0 0 0 0 0 0 0 0 220706886 
0 0 0 0 0 0 0 0 0 0 0 0 0 0 0 0 0 0 0 0 0 0 0 0 0 0 0 0 0 0 0 0 0 0 0 0 0 0 220706886 
