40
3 3 3
683948516 550649842 389278259
643322479 38066217 393447169
15 9 9
106434849 646696243 633806271 76820930 266967854 578623740 97658771 885431574 345808755 295500454 210131118 651402991 297024739 364755005 972902055
189258796 668914184 787514192 315785689 829549828 237159532 612536004 583473104 754994574 723675535 974385544 837189377 793726330 130228942 957395823
25 11 11
297092628 200214340 644924969 98053551 140136101 943434493 409887032 293553479 193152500 204842596 478131591 694914991 891042599 387597078 749349524 172352485 249209706 744699326 196661386 489924465 170806371 121790789 246830174 876392577 314018557
246392596 445083676 770874535 182868670 1609697 264188665 958761870 527159590 917248935 50101241 221992122 36089764 827317270 597906457 989845535 735688331 183982380 940808382 793962324 500991868 111925105 821282461 49262546 883727286 670741265
4 4 4
483880489 499979900 763477645 530145266
980714169 623631610 483731020 300309241
7 2 2
864412393 900561447 639203885 819136970 13717239 64308678 483704454
83074088 375600583 255968393 308841333 167611225 436097433 913368385
2 1 1
419368027 203788550
758518417 960973619
7 6 6
942760042 470650044 814622983 869317512 316144205 820687646 509261022
322747530 24435831 337492258 567040739 304443450 881881950 237343985
8 5 5
542066435 263329616 639042662 923192323 275296755 942157010 635260579 699389667
168722157 57776114 31107818 244037068 567977171 175933407 435210816 656814760
2 2 2
588499550 974044635
903285312 389754711
1 1 1
637243417
476004245
21 14 14
72112094 963627238 820455979 297795957 730364506 815995330 862721829 626966456 679080239 176338921 919751057 921789606 228288648 509131647 532225215 536476029 920160299 753780203 983150293 665569304 373342852
272156074 663213010 208082808 931227866 522462679 957123493 698265 420850321 899324890 811204247 151109877 261680695 772037753 290467933 382068063 227363241 866221689 246820913 195068794 225518209 217939032
26 14 14
470041217 259255579 925628955 163524437 463447356 966842609 11877918 872129564 220917037 956160700 715749396 562987882 526669183 767014554 823271296 930627965 672699428 96910099 925985624 510799890 156542709 336551348 310998965 627750707 235428701 925708250
277529399 719874937 154780285 810648745 169007843 456873243 594197670 766411479 248002819 55263668 12366581 626037253 467594659 518629184 156537936 18673878 410112740 259303225 997396419 682286720 487643588 644884169 214034606 972690903 461579650 228894847
1 1 1
60779448
880244730
28 21 21
921257170 128082865 882405718 720063401 854823939 598583291 518632880 932865480 736415380 750561091 12196226 113918512 947877015 773569799 317389445 886838154 144783843 563924748 788751418 741359716 874877585 549958390 754611875 253140895 262680250 442223224 465013628 197033084
847614626 270616540 635901571 36829740 192325002 199109946 617717611 15505544 133390098 617063124 654206970 444996945 516030591 752585012 261979215 850347107 327690554 1275162 607638039 892313482 883875776 688820847 682678476 57506439 156163485 885627357 449436471 962023492
1 1 1
405834618
891721315
10 4 4
900546695 115256737 128345905 471840570 384860044 538507127 337521140 242679695 236917281 990866518
887498139 698277215 262197164 808882040 996882507 901472238 680711495 648471620 79628305 958169045
7 7 7
864711643 793275307 145847710 670226408 22617116 366173623 641616709
380971197 225816174 755377189 157394568 327679038 36907050 472980063
5 5 5
767323916 160981944 2810483 555116047 22959422
224816796 125048297 25098570 939969323 78351192
7 5 5
444370253 188958361 808729010 631047914 931637004 371634104 979226988
695224443 385600727 126277037 385015672 1036077 209370529 148662499
13 10 10
183784338 921663127 977472692 811334747 539513596 910963176 789236144 778947070 293518488 563173643 621295341 571007880 548984083
740205569 8244697 928611081 763757211 78900614 45805783 6551695 25790177 607783897 465987415 729285498 901108342 302727316
6 3 3
680509950 713653927 79233603 975647547 360288122 480139289
380332082 715265025 812327036 187515333 189079092 250396316
16 2 2
462800247 485950482 728906394 497588414 137114588 33421005 655620630 668567525 918114143 626938271 52848261 447009839 366931958 578943499 960895230 837545553
646377284 384075269 487834371 87896633 942314533 466410810 783421359 684614819 885492683 830130353 320971898 376060578 983005685 74567494 768064773 848429331
7 5 5
920534594 315285609 830687869 717689130 153193303 113868049 576988974
580293611 624159571 276619404 597309880 877109094 321642863 743546855
8 3 3
207300021 573503916 557444612 548633390 803037528 813113562 674386683 227776334
361018502 438444877 227348916 964183535 535625116 486917513 733155204 656399662
3 1 1
390408187 510156850 665042538
159684788 576905655 435626031
14 3 3
527527986 163510508 984186221 711014978 374054947 636062669 362519147 137867808 281137668 892854669 716171077 846864204 337932232 947282513
407512954 184401406 872123552 533627927 489916830 746078456 898057930 746529311 475186606 140566404 278937242 79532631 533559214 125441790
19 7 7
621165601 745255182 500210748 483405582 528593748 327807163 123986016 65348824 194763312 763130509 738098257 63863251 223616030 667736545 974846094 813429550 403314910 175884779 21154568
66021298 142500697 619945634 589756068 196007375 649820037 486784220 315050598 616255207 780296155 6413849 243393151 150848481 817337732 625324884 606397725 721896565 660929071 431626956
4 1 1
221910600 776946430 331363328 56262445
668271057 539831940 254721159 55127413
3 1 1
774404484 598661 453733646
957359368 726418706 874721733
8 1 1
180191850 204899957 768871640 322485273 763978610 285550950 934259311 245846995
100828387 603274431 793017365 473626380 143937875 202460223 58418786 653303750
55 6 6
483344593 905222798 207771932 124668042 593197489 238205102 671412728 71493189 201543037 916763774 807544396 506336686 613251011 302310833 258578599 846640262 520270604 457333827 784509593 884280449 370592347 439428705 266940082 90376677 933794166 802999099 144790703 879610940 714148599 402787355 562985266 715745211 931309927 254414636 449158296 151295516 312418552 100377113 63632236 701303317 573471759 330912365 434138315 452390216 761963915 426527918 301284074 327072721 61196223 823140342 646606488 793728058 43655193 148814368 712357898
690650980 751533597 219735893 773516583 977176170 251444421 399962331 925035764 226312537 382159462 686173823 121295955 985037788 471135330 623613443 714186854 845665764 627325758 951730008 579453936 439201532 311463809 52452380 396653713 525024346 263046375 656474428 806714235 55813477 280302326 248651245 678495625 549867017 866675321 953173029 599018471 289128680 568270503 860686549 754222666 831998579 354847697 869073399 272170678 965972928 444208924 531828808 995512901 820095219 376286623 301596352 83390821 703085509 95154375 220321027
3 1 1
96285101 727935055 287384602
456451975 500322241 78016436
11 1 1
706729121 144747061 813372016 676294930 863248827 124499874 636534772 968876277 190081039 918611282 57799703
931397276 461414643 102490993 912119630 106099720 583248004 691905072 367478537 915208309 632689384 661655133
7 6 6
154233916 357233895 758315406 662821315 429765372 706630720 859052759
755415404 938151859 535859201 470112234 8974985 691415790 556817867
1 1 1
695807754
722007211
18 1 1
301795337 329214239 792902062 897854753 179964059 405733931 169628796 53146710 629204676 575276875 474752646 698315359 423733253 453063980 917522674 526438539 21709306 494726203
765006746 735385979 438407993 795907654 826270884 594643949 12782392 454148260 898413588 405425551 579000817 425681837 198992396 49685332 519559270 423497949 841543808 138426250
7 5 5
855646345 81009080 210972676 357565411 507214726 715557119 37591994
18541580 117986106 655328337 458442582 920122893 39986749 431370245
1 1 1
283255400
345511316
7 4 4
707357373 887043563 563983804 178919219 898078149 189058921 651625102
993042390 546536341 462305636 524703677 756988003 259424570 411654151
9 8 8
399463900 364460795 300638896 346316940 392621072 231202386 336883811 906371611 252065462
534158045 159062108 961685177 41307150 984473365 394451887 914789207 336089231 23298408
