124853
42274
88194
116025
53065
148511
106477
133433
54729
24212
39204
25013
31557
7972
61517
99662
17480
38653
58993
160502
15044
25543
67426
19350
6
4296
7337
35967
100597
54079
146723
80000
38015
3613
74637
75858
84726
129199
52768
51374
49758
39716
84928
83921
53546
135017
34717
142039
154130
47909
55528
1612
158453
131059
51737
57164
130158
66029
179418
83304
40683
47966
60274
121747
8778
82761
37794
6425
91778
53256
32130
140977
160545
150460
46712
29282
17675
30978
1524
71304
40421
115325
53147
149321
27993
47733
5584
17874
62114
72099
57954
30715
98351
4214
26798
20019
48043
123816
143902
31416
70202
180450
12809
16572
26908
77286
134983
29285
7104
87322
74556
81948
34488
115020
51773
75869
163292
135846
59746
15643
41496
44609
121907
125615
15378
44720
6708
16756
45108
23473
119527
93131
103
70613
71542
17540
23283
20109
7026
69646
29712
85638
155755
79103
191235
56457
76144
8855
84578
3537
38940
78241
101328
95972
37812
32200
38409
57962
81346
98810
83716
36131
25102
64596
80556
9053
62927
50219
175288
79509
35295
137224
96161
125098
25178
74198
98999
155255
56771
52257
3930
27216
7619
68484
20955
46888
147258
96234
167224
35978
151969
98751
83287
15808
43975
64958
20287
123705
22572
106524
187556
42462
51931
19183
43282
48767
116552
889
142596
22601
133945
71859
36061
2084
275
187498
124395
56099
42639
41637
136762
110627
4891
106505
832
72293
67073
147096
55470
3026
14191
105179
60231
47988
40977
178695
22263
88652
104104
73313
85972
92717
144979
12686
64216
40796
114473
74695
112473
57192
77397
83550
88845
13568
88419
29428
17777
166742
27422
34687
45931
53873
41894
33199
96785
112289
143950
51880
37252
138804
29438
6632
11403
56127
64510
772
147572
50069
155403
97088
14639
161060
178714
15590
67454
97878
56507
16662
116220
106445
112122
21941
316
146734
42003
38806
37917
46127
69335
5482
40038
41806
67485
18562
130832
3884
51724
75001
116021
79633
26596
88157
79536
99514
49945
113731
32381
3452
58896
34754
21951
73893
14608
100857
131349
64774
13168
173680
57432
19768
73769
130636
120561
48941
12590
93308
43519
97301
121999
12176
137755
140722
63011
92375
38132
60777
48054
134389
72952
78679
72371
132826
87908
28644
102037
119135
165782
3821
127099
31900
17243
63178
107605
87014
136394
112613
38135
41667
51141
104886
105749
19757
163310
104861
82184
45933
45038
40498
13610
154246
38542
77693
22168
110360
78445
67554
13988
72340
37652
35099
102348
63160
67153
71107
89773
31356
65897
86099
96259
47323
70965
51697
84099
21737
38053
16894
100882
68344
90063
48442
112508
3020
18900
11148
3824
50611
33156
11261
12501
55185
2821
118062
96093
37507
35924
61740
48384
133823
153219
123494
60194
63342
40226
11575
141107
18966
95319
114942
125636
49377
14295
36179
35102
189786
48713
60074
22707
13222
65423
5701
9400
45424
147585
170
159133
12456
89602
18423
37540
100219
86166
85020
46766
108250
114108
141244
65334
139134
51990
31244
96926
76102
38974
100499
106753
9620
87760
46371
107760
156591
7585
57576
41983
25041
145950
21189
102203
2075
95517
18
100684
82036
31079
21690
40550
69042
5030
147559
65073
24494
25485
84715
40689
66855
3976
83126
70120
5569
160361
25952
139437
142588
14212
5078
4137
96534
49521
16053
55031
131127
149667
39484
3736
43785
64124
36471
62826
164104
6274
53910
109995
48371
2188
44178
14069
26264
8211
90317
160875
132546
64394
7056
64453
3673
44672
68875
42049
70374
3199
132894
33001
26452
45612
30929
24378
14070
56468
30090
44521
3079
88280
88378
100678
59714
31008
10852
2315
11832
52262
128668
43692
33840
37202
77921
86704
22334
115278
13824
6497
68309
111581
141303
110248
9099
128469
57126
627
21936
21903
108494
21007
24210
43817
27983
137928
5953
105544
156623
48566
1999
1458
112625
2034
57419
130974
137192
34006
42167
21672
106949
86000
52775
32004
72338
128884
72461
108625
8525
14576
172404
91859
86448
7964
7490
69991
10576
90745
60522
71234
95731
80065
6315
189203
46036
71829
50701
90046
106324
90822
52423
33126
77117
34477
68707
149377
101072
159389
142427
19106
95689
9046
114945
46641
107026
77822
65706
155624
8896
53999
16112
37481
28948
74245
27724
17531
29812
42927
123739
27926
92132
90068
139095
35991
122005
50522
38159
32290
15575
1205
3527
63678
64089
155618
12207
23503
52438
58412
66503
141162
110205
61608
16578
75093
81629
38767
136884
32361
22549
70565
145973
25563
91798
138430
2819
83077
7373
11080
151626
94027
5148
171704
100973
26904
134490
18799
89854
33826
135333
22947
90039
6933
85029
133534
15878
124512
11764
45203
33772
108354
16895
67480
13639
20808
148569
35945
32950
63596
135532
118357
77681
116827
54853
124758
54456
43169
9134
94012
174377
8556
86279
59825
27421
129067
20901
11524
125393
144476
16705
82223
121961
94200
29823
25460
23959
89581
129597
41830
99931
62818
48968
71687
112093
126055
71558
27567
11600
90642
82798
56678
33498
10454
72205
14774
55333
5707
33163
48226
102179
66880
73862
72311
21262
192496
8206
65894
115796
171695
3665
91356
45305
54407
37855
80345
84154
110138
46709
116161
143080
94859
108119
63800
46142
74918
39451
64816
93414
38738
61512
126946
1897
52314
9886
19578
67775
12227
104160
54365
99195
90294
2799
107440
60009
40679
147132
13171
24516
97383
12904
4039
78885
46913
45035
21473
32120
14794
73957
16295
139055
144813
121961
100880
77071
136714
74630
43380
121275
112002
68415
2905
57644
124192
86913
100777
34799
34634
21869
6558
82806
43229
80309
53070
25960
43448
3933
34814
6816
152384
156133
182777
6760
10095
56921
57245
44405
3565
11922
102311
47974
13849
55483
51709
1432
17292
94765
60304
96256
55446
42197
1894
12761
156676
80734
48758
181504
96600
82747
73188
23264
148437
43391
3607
77158
141398
64983
111288
152546
10678
26514
42968
33847
11947
22200
14431
3296
125744
35739
10459
48542
44403
19220
20219
19311
51774
64131
55161
144965
46746
96007
7334
49564
22108
6242
65332
22349
25013
9983
80154
70289
89145
20332
82247
51523
121217
26182
136285
123782
47088
3536
128133
35291
87743
113927
26619
123966
15430
58100
27004
34043
75063
12645
85910
84898
14842
7910
70977
46897
140226
78643
99639
65999
117677
66478
180373
35127
103019
28298
67607
26858
23386
121891
113854
69582
67305
118425
114460
81139
9334
27528
72439
73990
7030
141301
83014
14554
87821
47106
38826
6284
37312
150351
53983
69120
56839
34737
107130
13154
131328
49081
34001
71571
16915
63367
100633
89266
37486
111945
22023
56948
135156
100413
55991
31177
7023
117878
74462
100842
128821
50466
40843
77762
74353
144602
145645
34573
35970
62309
106969
145905
48222
31823
34903
83310
56973
51784
86366
170665
82182
176372
36910
140391
76828
97315
113609
10812
37581
36824
95292
76536
8940
122446
28049
22771
19446
86408
36163
65006
29311
108312
154717
178484
159469
22822
42296
177567
58978
113206
35600
33455
60197
380
77804
23279
98963
6775
145617
5518
26797
157389
52150
4261
151059
94722
118280
97798
160588
66512
30785
17574
22856
113250
114748
75799
72647
43361
102287
166627
4701
20172
154954
130572
141626
60282
70889
75503
138305
4725
43775
36287
1339
61668
133349
46720
39300
29445
118434
46341
32178
31064
93165
13670
107538
66983
146154
21223
75922
37700
106742
40719
49775
64072
8142
1896
32099
66190
50869
2923
129633
105098
159648
133478
44906
53806
846
65699
135263
140104
66439
151738
66930
12400
69109
83833
60922
36317
64747
158945
80291
